         Index             t Heat Flow ...            Ts            Tr
           [#]           [s]       [Wg^-1]          [°C]          [°C]
             0   0.00000e+00  -1.18924e-01   4.99910e+01   5.00000e+01
             1   1.00000e+00  -2.84218e-01   5.03118e+01   5.03333e+01
             2   2.00000e+00  -8.38550e-01   5.06030e+01   5.06667e+01
             3   3.00000e+00  -1.74472e+00   5.08672e+01   5.10000e+01
             4   4.00000e+00  -3.01307e+00   5.11037e+01   5.13333e+01
             5   5.00000e+00  -4.05516e+00   5.13571e+01   5.16667e+01
             6   6.00000e+00  -4.74408e+00   5.16373e+01   5.20000e+01
             7   7.00000e+00  -5.19451e+00   5.19355e+01   5.23333e+01
             8   8.00000e+00  -5.27864e+00   5.22617e+01   5.26667e+01
             9   9.00000e+00  -5.29257e+00   5.25933e+01   5.30000e+01
            10   1.00000e+01  -5.26120e+00   5.29284e+01   5.33333e+01
            11   1.10000e+01  -5.21024e+00   5.32650e+01   5.36667e+01
            12   1.20000e+01  -5.13341e+00   5.36037e+01   5.40000e+01
            13   1.30000e+01  -5.05081e+00   5.39427e+01   5.43333e+01
            14   1.40000e+01  -4.96508e+00   5.42821e+01   5.46667e+01
            15   1.50000e+01  -4.87883e+00   5.46215e+01   5.50000e+01
            16   1.60000e+01  -4.79688e+00   5.49606e+01   5.53333e+01
            17   1.70000e+01  -4.71876e+00   5.52994e+01   5.56667e+01
            18   1.80000e+01  -4.64584e+00   5.56378e+01   5.60000e+01
            19   1.90000e+01  -4.57685e+00   5.59760e+01   5.63333e+01
            20   2.00000e+01  -4.51627e+00   5.63135e+01   5.66667e+01
            21   2.10000e+01  -4.45969e+00   5.66507e+01   5.70000e+01
            22   2.20000e+01  -4.40715e+00   5.69876e+01   5.73333e+01
            23   2.30000e+01  -4.35742e+00   5.73243e+01   5.76667e+01
            24   2.40000e+01  -4.31494e+00   5.76604e+01   5.80000e+01
            25   2.50000e+01  -4.27503e+00   5.79964e+01   5.83333e+01
            26   2.60000e+01  -4.23723e+00   5.83321e+01   5.86667e+01
            27   2.70000e+01  -4.20082e+00   5.86678e+01   5.90000e+01
            28   2.80000e+01  -4.16826e+00   5.90032e+01   5.93333e+01
            29   2.90000e+01  -4.13621e+00   5.93386e+01   5.96667e+01
            30   3.00000e+01  -4.10485e+00   5.96739e+01   6.00000e+01
            31   3.10000e+01  -4.07402e+00   6.00092e+01   6.03333e+01
            32   3.20000e+01  -4.04478e+00   6.03443e+01   6.06667e+01
            33   3.30000e+01  -4.01703e+00   6.06794e+01   6.10000e+01
            34   3.40000e+01  -3.98912e+00   6.10144e+01   6.13333e+01
            35   3.50000e+01  -3.96001e+00   6.13496e+01   6.16667e+01
            36   3.60000e+01  -3.92575e+00   6.16852e+01   6.20000e+01
            37   3.70000e+01  -3.88716e+00   6.20211e+01   6.23333e+01
            38   3.80000e+01  -3.84245e+00   6.23576e+01   6.26667e+01
            39   3.90000e+01  -3.79316e+00   6.26944e+01   6.30000e+01
            40   4.00000e+01  -3.73389e+00   6.30320e+01   6.33333e+01
            41   4.10000e+01  -3.66992e+00   6.33701e+01   6.36667e+01
            42   4.20000e+01  -3.59961e+00   6.37086e+01   6.40000e+01
            43   4.30000e+01  -3.52398e+00   6.40476e+01   6.43333e+01
            44   4.40000e+01  -3.43388e+00   6.43878e+01   6.46667e+01
            45   4.50000e+01  -3.34166e+00   6.47282e+01   6.50000e+01
            46   4.60000e+01  -3.24770e+00   6.50688e+01   6.53333e+01
            47   4.70000e+01  -3.15142e+00   6.54096e+01   6.56667e+01
            48   4.80000e+01  -3.04561e+00   6.57512e+01   6.60000e+01
            49   4.90000e+01  -2.93287e+00   6.60934e+01   6.63333e+01
            50   5.00000e+01  -2.80899e+00   6.64365e+01   6.66667e+01
            51   5.10000e+01  -2.67689e+00   6.67803e+01   6.70000e+01
            52   5.20000e+01  -2.52541e+00   6.71257e+01   6.73333e+01
            53   5.30000e+01  -2.37555e+00   6.74711e+01   6.76667e+01
            54   5.40000e+01  -2.23988e+00   6.78153e+01   6.80000e+01
            55   5.50000e+01  -2.11819e+00   6.81584e+01   6.83333e+01
            56   5.60000e+01  -2.00437e+00   6.85009e+01   6.86667e+01
            57   5.70000e+01  -1.88103e+00   6.88442e+01   6.90000e+01
            58   5.80000e+01  -1.74877e+00   6.91883e+01   6.93333e+01
            59   5.90000e+01  -1.61437e+00   6.95325e+01   6.96667e+01
            60   6.00000e+01  -1.50378e+00   6.98749e+01   7.00000e+01
            61   6.10000e+01  -1.39953e+00   7.02167e+01   7.03333e+01
            62   6.20000e+01  -1.29607e+00   7.05585e+01   7.06667e+01
            63   6.30000e+01  -1.19152e+00   7.09004e+01   7.10000e+01
            64   6.40000e+01  -1.09554e+00   7.12416e+01   7.13333e+01
            65   6.50000e+01  -1.02126e+00   7.15810e+01   7.16667e+01
            66   6.60000e+01  -9.87740e-01   7.19171e+01   7.20000e+01
            67   6.70000e+01  -9.85962e-01   7.22504e+01   7.23333e+01
            68   6.80000e+01  -1.06475e+00   7.25770e+01   7.26667e+01
            69   6.90000e+01  -1.16685e+00   7.29016e+01   7.30000e+01
            70   7.00000e+01  -1.28741e+00   7.32246e+01   7.33333e+01
            71   7.10000e+01  -1.42150e+00   7.35464e+01   7.36667e+01
            72   7.20000e+01  -1.57763e+00   7.38664e+01   7.40000e+01
            73   7.30000e+01  -1.73837e+00   7.41859e+01   7.43333e+01
            74   7.40000e+01  -1.90201e+00   7.45051e+01   7.46667e+01
            75   7.50000e+01  -2.06391e+00   7.48244e+01   7.50000e+01
            76   7.60000e+01  -2.20924e+00   7.51451e+01   7.53333e+01
            77   7.70000e+01  -2.34107e+00   7.54669e+01   7.56667e+01
            78   7.80000e+01  -2.45882e+00   7.57898e+01   7.60000e+01
            79   7.90000e+01  -2.56897e+00   7.61134e+01   7.63333e+01
            80   8.00000e+01  -2.66175e+00   7.64385e+01   7.66667e+01
            81   8.10000e+01  -2.74753e+00   7.67641e+01   7.70000e+01
            82   8.20000e+01  -2.82574e+00   7.70904e+01   7.73333e+01
            83   8.30000e+01  -2.89845e+00   7.74171e+01   7.76667e+01
            84   8.40000e+01  -2.96387e+00   7.77444e+01   7.80000e+01
            85   8.50000e+01  -3.02621e+00   7.80720e+01   7.83333e+01
            86   8.60000e+01  -3.08590e+00   7.83998e+01   7.86667e+01
            87   8.70000e+01  -3.14328e+00   7.87278e+01   7.90000e+01
            88   8.80000e+01  -3.19700e+00   7.90561e+01   7.93333e+01
            89   8.90000e+01  -3.25023e+00   7.93844e+01   7.96667e+01
            90   9.00000e+01  -3.30262e+00   7.97127e+01   8.00000e+01
            91   9.10000e+01  -3.35445e+00   8.00411e+01   8.03333e+01
            92   9.20000e+01  -3.40359e+00   8.03697e+01   8.06667e+01
            93   9.30000e+01  -3.45312e+00   8.06983e+01   8.10000e+01
            94   9.40000e+01  -3.50235e+00   8.10269e+01   8.13333e+01
            95   9.50000e+01  -3.55038e+00   8.13556e+01   8.16667e+01
            96   9.60000e+01  -3.58458e+00   8.16855e+01   8.20000e+01
            97   9.70000e+01  -3.61073e+00   8.20161e+01   8.23333e+01
            98   9.80000e+01  -3.62941e+00   8.23473e+01   8.26667e+01
            99   9.90000e+01  -3.64409e+00   8.26789e+01   8.30000e+01
           100   1.00000e+02  -3.65235e+00   8.30110e+01   8.33333e+01
           101   1.01000e+02  -3.65873e+00   8.33433e+01   8.36667e+01
           102   1.02000e+02  -3.66305e+00   8.36758e+01   8.40000e+01
           103   1.03000e+02  -3.66596e+00   8.40084e+01   8.43333e+01
           104   1.04000e+02  -3.66740e+00   8.43411e+01   8.46667e+01
           105   1.05000e+02  -3.66843e+00   8.46739e+01   8.50000e+01
           106   1.06000e+02  -3.66900e+00   8.50067e+01   8.53333e+01
           107   1.07000e+02  -3.66939e+00   8.53396e+01   8.56667e+01
           108   1.08000e+02  -3.66987e+00   8.56724e+01   8.60000e+01
           109   1.09000e+02  -3.67035e+00   8.60052e+01   8.63333e+01
           110   1.10000e+02  -3.67086e+00   8.63381e+01   8.66667e+01
           111   1.11000e+02  -3.67114e+00   8.66709e+01   8.70000e+01
           112   1.12000e+02  -3.67091e+00   8.70038e+01   8.73333e+01
           113   1.13000e+02  -3.67070e+00   8.73367e+01   8.76667e+01
           114   1.14000e+02  -3.67063e+00   8.76695e+01   8.80000e+01
           115   1.15000e+02  -3.67057e+00   8.80024e+01   8.83333e+01
           116   1.16000e+02  -3.67052e+00   8.83353e+01   8.86667e+01
           117   1.17000e+02  -3.67043e+00   8.86682e+01   8.90000e+01
           118   1.18000e+02  -3.67033e+00   8.90011e+01   8.93333e+01
           119   1.19000e+02  -3.67036e+00   8.93339e+01   8.96667e+01
           120   1.20000e+02  -3.67034e+00   8.96668e+01   9.00000e+01
           121   1.21000e+02  -3.66977e+00   8.99997e+01   9.03333e+01
           122   1.22000e+02  -3.66847e+00   9.03327e+01   9.06667e+01
           123   1.23000e+02  -3.66677e+00   9.06657e+01   9.10000e+01
           124   1.24000e+02  -3.66532e+00   9.09988e+01   9.13333e+01
           125   1.25000e+02  -3.66485e+00   9.13317e+01   9.16667e+01
           126   1.26000e+02  -3.66597e+00   9.16644e+01   9.20000e+01
           127   1.27000e+02  -3.66740e+00   9.19972e+01   9.23333e+01
           128   1.28000e+02  -3.66836e+00   9.23300e+01   9.26667e+01
           129   1.29000e+02  -3.66882e+00   9.26628e+01   9.30000e+01
           130   1.30000e+02  -3.66866e+00   9.29957e+01   9.33333e+01
           131   1.31000e+02  -3.66814e+00   9.33286e+01   9.36667e+01
           132   1.32000e+02  -3.66758e+00   9.36615e+01   9.40000e+01
           133   1.33000e+02  -3.66754e+00   9.39944e+01   9.43333e+01
           134   1.34000e+02  -3.66802e+00   9.43272e+01   9.46667e+01
           135   1.35000e+02  -3.66859e+00   9.46601e+01   9.50000e+01
           136   1.36000e+02  -3.66926e+00   9.49929e+01   9.53333e+01
           137   1.37000e+02  -3.66981e+00   9.53257e+01   9.56667e+01
           138   1.38000e+02  -3.67033e+00   9.56585e+01   9.60000e+01
           139   1.39000e+02  -3.67089e+00   9.59914e+01   9.63333e+01
           140   1.40000e+02  -3.67143e+00   9.63242e+01   9.66667e+01
           141   1.41000e+02  -3.67180e+00   9.66570e+01   9.70000e+01
           142   1.42000e+02  -3.67161e+00   9.69899e+01   9.73333e+01
           143   1.43000e+02  -3.67098e+00   9.73229e+01   9.76667e+01
           144   1.44000e+02  -3.67022e+00   9.76558e+01   9.80000e+01
           145   1.45000e+02  -3.66966e+00   9.79887e+01   9.83333e+01
           146   1.46000e+02  -3.66970e+00   9.83216e+01   9.86667e+01
           147   1.47000e+02  -3.67028e+00   9.86544e+01   9.90000e+01
           148   1.48000e+02  -3.67143e+00   9.89872e+01   9.93333e+01
           149   1.49000e+02  -3.67237e+00   9.93200e+01   9.96667e+01
           150   1.50000e+02  -3.67321e+00   9.96528e+01   1.00000e+02
           151   1.51000e+02  -3.67405e+00   9.99856e+01   1.00333e+02
           152   1.52000e+02  -3.67491e+00   1.00318e+02   1.00667e+02
           153   1.53000e+02  -3.67572e+00   1.00651e+02   1.01000e+02
           154   1.54000e+02  -3.67647e+00   1.00984e+02   1.01333e+02
           155   1.55000e+02  -3.67719e+00   1.01317e+02   1.01667e+02
           156   1.56000e+02  -3.67775e+00   1.01650e+02   1.02000e+02
           157   1.57000e+02  -3.67839e+00   1.01982e+02   1.02333e+02
           158   1.58000e+02  -3.67909e+00   1.02315e+02   1.02667e+02
           159   1.59000e+02  -3.67983e+00   1.02648e+02   1.03000e+02
           160   1.60000e+02  -3.68053e+00   1.02981e+02   1.03333e+02
           161   1.61000e+02  -3.68123e+00   1.03314e+02   1.03667e+02
           162   1.62000e+02  -3.68190e+00   1.03647e+02   1.04000e+02
           163   1.63000e+02  -3.68257e+00   1.03979e+02   1.04333e+02
           164   1.64000e+02  -3.68323e+00   1.04312e+02   1.04667e+02
           165   1.65000e+02  -3.68383e+00   1.04645e+02   1.05000e+02
           166   1.66000e+02  -3.68442e+00   1.04978e+02   1.05333e+02
           167   1.67000e+02  -3.68502e+00   1.05311e+02   1.05667e+02
           168   1.68000e+02  -3.68559e+00   1.05643e+02   1.06000e+02
           169   1.69000e+02  -3.68619e+00   1.05976e+02   1.06333e+02
           170   1.70000e+02  -3.68682e+00   1.06309e+02   1.06667e+02
           171   1.71000e+02  -3.68745e+00   1.06642e+02   1.07000e+02
           172   1.72000e+02  -3.68816e+00   1.06975e+02   1.07333e+02
           173   1.73000e+02  -3.68882e+00   1.07308e+02   1.07667e+02
           174   1.74000e+02  -3.68943e+00   1.07640e+02   1.08000e+02
           175   1.75000e+02  -3.69000e+00   1.07973e+02   1.08333e+02
           176   1.76000e+02  -3.69050e+00   1.08306e+02   1.08667e+02
           177   1.77000e+02  -3.69103e+00   1.08639e+02   1.09000e+02
           178   1.78000e+02  -3.69159e+00   1.08972e+02   1.09333e+02
           179   1.79000e+02  -3.69216e+00   1.09305e+02   1.09667e+02
           180   1.80000e+02  -3.69275e+00   1.09637e+02   1.10000e+02
           181   1.81000e+02  -3.69341e+00   1.09970e+02   1.10333e+02
           182   1.82000e+02  -3.69406e+00   1.10303e+02   1.10667e+02
           183   1.83000e+02  -3.69468e+00   1.10636e+02   1.11000e+02
           184   1.84000e+02  -3.69540e+00   1.10969e+02   1.11333e+02
           185   1.85000e+02  -3.69606e+00   1.11301e+02   1.11667e+02
           186   1.86000e+02  -3.69670e+00   1.11634e+02   1.12000e+02
           187   1.87000e+02  -3.69734e+00   1.11967e+02   1.12333e+02
           188   1.88000e+02  -3.69794e+00   1.12300e+02   1.12667e+02
           189   1.89000e+02  -3.69863e+00   1.12633e+02   1.13000e+02
           190   1.90000e+02  -3.69932e+00   1.12966e+02   1.13333e+02
           191   1.91000e+02  -3.70004e+00   1.13298e+02   1.13667e+02
           192   1.92000e+02  -3.70107e+00   1.13631e+02   1.14000e+02
           193   1.93000e+02  -3.70257e+00   1.13964e+02   1.14333e+02
           194   1.94000e+02  -3.70390e+00   1.14297e+02   1.14667e+02
           195   1.95000e+02  -3.70420e+00   1.14629e+02   1.15000e+02
           196   1.96000e+02  -3.70384e+00   1.14962e+02   1.15333e+02
           197   1.97000e+02  -3.70381e+00   1.15295e+02   1.15667e+02
           198   1.98000e+02  -3.70423e+00   1.15628e+02   1.16000e+02
           199   1.99000e+02  -3.70480e+00   1.15961e+02   1.16333e+02
           200   2.00000e+02  -3.70527e+00   1.16294e+02   1.16667e+02
           201   2.01000e+02  -3.70579e+00   1.16627e+02   1.17000e+02
           202   2.02000e+02  -3.70635e+00   1.16959e+02   1.17333e+02
           203   2.03000e+02  -3.70695e+00   1.17292e+02   1.17667e+02
           204   2.04000e+02  -3.70761e+00   1.17625e+02   1.18000e+02
           205   2.05000e+02  -3.70823e+00   1.17958e+02   1.18333e+02
           206   2.06000e+02  -3.70890e+00   1.18291e+02   1.18667e+02
           207   2.07000e+02  -3.70962e+00   1.18624e+02   1.19000e+02
           208   2.08000e+02  -3.71041e+00   1.18956e+02   1.19333e+02
           209   2.09000e+02  -3.71119e+00   1.19289e+02   1.19667e+02
           210   2.10000e+02  -3.71196e+00   1.19622e+02   1.20000e+02
           211   2.11000e+02  -3.71273e+00   1.19955e+02   1.20333e+02
           212   2.12000e+02  -3.71367e+00   1.20288e+02   1.20667e+02
           213   2.13000e+02  -3.71455e+00   1.20620e+02   1.21000e+02
           214   2.14000e+02  -3.71540e+00   1.20953e+02   1.21333e+02
           215   2.15000e+02  -3.71626e+00   1.21286e+02   1.21667e+02
           216   2.16000e+02  -3.71717e+00   1.21619e+02   1.22000e+02
           217   2.17000e+02  -3.71787e+00   1.21952e+02   1.22333e+02
           218   2.18000e+02  -3.71819e+00   1.22285e+02   1.22667e+02
           219   2.19000e+02  -3.71855e+00   1.22617e+02   1.23000e+02
           220   2.20000e+02  -3.71903e+00   1.22950e+02   1.23333e+02
           221   2.21000e+02  -3.71970e+00   1.23283e+02   1.23667e+02
           222   2.22000e+02  -3.72047e+00   1.23616e+02   1.24000e+02
           223   2.23000e+02  -3.72115e+00   1.23949e+02   1.24333e+02
           224   2.24000e+02  -3.72184e+00   1.24281e+02   1.24667e+02
           225   2.25000e+02  -3.72250e+00   1.24614e+02   1.25000e+02
           226   2.26000e+02  -3.72318e+00   1.24947e+02   1.25333e+02
           227   2.27000e+02  -3.72387e+00   1.25280e+02   1.25667e+02
           228   2.28000e+02  -3.72455e+00   1.25613e+02   1.26000e+02
           229   2.29000e+02  -3.72527e+00   1.25946e+02   1.26333e+02
           230   2.30000e+02  -3.72602e+00   1.26278e+02   1.26667e+02
           231   2.31000e+02  -3.72679e+00   1.26611e+02   1.27000e+02
           232   2.32000e+02  -3.72766e+00   1.26944e+02   1.27333e+02
           233   2.33000e+02  -3.72851e+00   1.27277e+02   1.27667e+02
           234   2.34000e+02  -3.72938e+00   1.27610e+02   1.28000e+02
           235   2.35000e+02  -3.73028e+00   1.27942e+02   1.28333e+02
           236   2.36000e+02  -3.73132e+00   1.28275e+02   1.28667e+02
           237   2.37000e+02  -3.73238e+00   1.28608e+02   1.29000e+02
           238   2.38000e+02  -3.73346e+00   1.28941e+02   1.29333e+02
           239   2.39000e+02  -3.73454e+00   1.29274e+02   1.29667e+02
           240   2.40000e+02  -3.73575e+00   1.29606e+02   1.30000e+02
           241   2.41000e+02  -3.73688e+00   1.29939e+02   1.30333e+02
           242   2.42000e+02  -3.73796e+00   1.30272e+02   1.30667e+02
           243   2.43000e+02  -3.73901e+00   1.30605e+02   1.31000e+02
           244   2.44000e+02  -3.74001e+00   1.30937e+02   1.31333e+02
           245   2.45000e+02  -3.74106e+00   1.31270e+02   1.31667e+02
           246   2.46000e+02  -3.74210e+00   1.31603e+02   1.32000e+02
           247   2.47000e+02  -3.74312e+00   1.31936e+02   1.32333e+02
           248   2.48000e+02  -3.74416e+00   1.32269e+02   1.32667e+02
           249   2.49000e+02  -3.74521e+00   1.32601e+02   1.33000e+02
           250   2.50000e+02  -3.74630e+00   1.32934e+02   1.33333e+02
           251   2.51000e+02  -3.74739e+00   1.33267e+02   1.33667e+02
           252   2.52000e+02  -3.74852e+00   1.33600e+02   1.34000e+02
           253   2.53000e+02  -3.74967e+00   1.33932e+02   1.34333e+02
           254   2.54000e+02  -3.75089e+00   1.34265e+02   1.34667e+02
           255   2.55000e+02  -3.75218e+00   1.34598e+02   1.35000e+02
           256   2.56000e+02  -3.75348e+00   1.34931e+02   1.35333e+02
           257   2.57000e+02  -3.75487e+00   1.35263e+02   1.35667e+02
           258   2.58000e+02  -3.75647e+00   1.35596e+02   1.36000e+02
           259   2.59000e+02  -3.75801e+00   1.35929e+02   1.36333e+02
           260   2.60000e+02  -3.75963e+00   1.36262e+02   1.36667e+02
           261   2.61000e+02  -3.76119e+00   1.36594e+02   1.37000e+02
           262   2.62000e+02  -3.76275e+00   1.36927e+02   1.37333e+02
           263   2.63000e+02  -3.76429e+00   1.37260e+02   1.37667e+02
           264   2.64000e+02  -3.76576e+00   1.37593e+02   1.38000e+02
           265   2.65000e+02  -3.76727e+00   1.37925e+02   1.38333e+02
           266   2.66000e+02  -3.76885e+00   1.38258e+02   1.38667e+02
           267   2.67000e+02  -3.77049e+00   1.38591e+02   1.39000e+02
           268   2.68000e+02  -3.77198e+00   1.38923e+02   1.39333e+02
           269   2.69000e+02  -3.77358e+00   1.39256e+02   1.39667e+02
           270   2.70000e+02  -3.77561e+00   1.39589e+02   1.40000e+02
           271   2.71000e+02  -3.77757e+00   1.39922e+02   1.40333e+02
           272   2.72000e+02  -3.77961e+00   1.40254e+02   1.40667e+02
           273   2.73000e+02  -3.78167e+00   1.40587e+02   1.41000e+02
           274   2.74000e+02  -3.78378e+00   1.40920e+02   1.41333e+02
           275   2.75000e+02  -3.78593e+00   1.41252e+02   1.41667e+02
           276   2.76000e+02  -3.78818e+00   1.41585e+02   1.42000e+02
           277   2.77000e+02  -3.79033e+00   1.41918e+02   1.42333e+02
           278   2.78000e+02  -3.79251e+00   1.42250e+02   1.42667e+02
           279   2.79000e+02  -3.79474e+00   1.42583e+02   1.43000e+02
           280   2.80000e+02  -3.79645e+00   1.42916e+02   1.43333e+02
           281   2.81000e+02  -3.79811e+00   1.43248e+02   1.43667e+02
           282   2.82000e+02  -3.79989e+00   1.43581e+02   1.44000e+02
           283   2.83000e+02  -3.80168e+00   1.43914e+02   1.44333e+02
           284   2.84000e+02  -3.80346e+00   1.44246e+02   1.44667e+02
           285   2.85000e+02  -3.80526e+00   1.44579e+02   1.45000e+02
           286   2.86000e+02  -3.80739e+00   1.44912e+02   1.45333e+02
           287   2.87000e+02  -3.81012e+00   1.45244e+02   1.45667e+02
           288   2.88000e+02  -3.81375e+00   1.45577e+02   1.46000e+02
           289   2.89000e+02  -3.81687e+00   1.45909e+02   1.46333e+02
           290   2.90000e+02  -3.81896e+00   1.46242e+02   1.46667e+02
           291   2.91000e+02  -3.82095e+00   1.46575e+02   1.47000e+02
           292   2.92000e+02  -3.82323e+00   1.46907e+02   1.47333e+02
           293   2.93000e+02  -3.82550e+00   1.47240e+02   1.47667e+02
           294   2.94000e+02  -3.82805e+00   1.47573e+02   1.48000e+02
           295   2.95000e+02  -3.83082e+00   1.47905e+02   1.48333e+02
           296   2.96000e+02  -3.83395e+00   1.48238e+02   1.48667e+02
           297   2.97000e+02  -3.83747e+00   1.48570e+02   1.49000e+02
           298   2.98000e+02  -3.84136e+00   1.48903e+02   1.49333e+02
           299   2.99000e+02  -3.84536e+00   1.49235e+02   1.49667e+02
           300   3.00000e+02  -3.84962e+00   1.49568e+02   1.50000e+02
           301   3.01000e+02  -3.85431e+00   1.49900e+02   1.50333e+02
           302   3.02000e+02  -3.85956e+00   1.50232e+02   1.50667e+02
           303   3.03000e+02  -3.86526e+00   1.50564e+02   1.51000e+02
           304   3.04000e+02  -3.87135e+00   1.50897e+02   1.51333e+02
           305   3.05000e+02  -3.87814e+00   1.51229e+02   1.51667e+02
           306   3.06000e+02  -3.88609e+00   1.51561e+02   1.52000e+02
           307   3.07000e+02  -3.89496e+00   1.51893e+02   1.52333e+02
           308   3.08000e+02  -3.90607e+00   1.52224e+02   1.52667e+02
           309   3.09000e+02  -3.91930e+00   1.52556e+02   1.53000e+02
           310   3.10000e+02  -3.93473e+00   1.52887e+02   1.53333e+02
           311   3.11000e+02  -3.95194e+00   1.53218e+02   1.53667e+02
           312   3.12000e+02  -3.97614e+00   1.53548e+02   1.54000e+02
           313   3.13000e+02  -4.00604e+00   1.53877e+02   1.54333e+02
           314   3.14000e+02  -4.04507e+00   1.54206e+02   1.54667e+02
           315   3.15000e+02  -4.09198e+00   1.54533e+02   1.55000e+02
           316   3.16000e+02  -4.17028e+00   1.54857e+02   1.55333e+02
           317   3.17000e+02  -4.28032e+00   1.55178e+02   1.55667e+02
           318   3.18000e+02  -4.45004e+00   1.55491e+02   1.56000e+02
           319   3.19000e+02  -4.67583e+00   1.55798e+02   1.56333e+02
           320   3.20000e+02  -5.16151e+00   1.56075e+02   1.56667e+02
           321   3.21000e+02  -5.88441e+00   1.56325e+02   1.57000e+02
           322   3.22000e+02  -6.92630e+00   1.56538e+02   1.57333e+02
           323   3.23000e+02  -8.19092e+00   1.56725e+02   1.57667e+02
           324   3.24000e+02  -9.62394e+00   1.56893e+02   1.58000e+02
           325   3.25000e+02  -1.07885e+01   1.57091e+02   1.58333e+02
           326   3.26000e+02  -1.15426e+01   1.57336e+02   1.58667e+02
           327   3.27000e+02  -1.20143e+01   1.57614e+02   1.59000e+02
           328   3.28000e+02  -1.19684e+01   1.57951e+02   1.59333e+02
           329   3.29000e+02  -1.17709e+01   1.58306e+02   1.59667e+02
           330   3.30000e+02  -1.14409e+01   1.58676e+02   1.60000e+02
           331   3.31000e+02  -1.10283e+01   1.59056e+02   1.60333e+02
           332   3.32000e+02  -1.04362e+01   1.59457e+02   1.60667e+02
           333   3.33000e+02  -9.76859e+00   1.59866e+02   1.61000e+02
           334   3.34000e+02  -9.00774e+00   1.60287e+02   1.61333e+02
           335   3.35000e+02  -8.18151e+00   1.60715e+02   1.61667e+02
           336   3.36000e+02  -7.28590e+00   1.61152e+02   1.62000e+02
           337   3.37000e+02  -6.47015e+00   1.61580e+02   1.62333e+02
           338   3.38000e+02  -5.81758e+00   1.61988e+02   1.62667e+02
           339   3.39000e+02  -5.28481e+00   1.62383e+02   1.63000e+02
           340   3.40000e+02  -4.97032e+00   1.62753e+02   1.63333e+02
           341   3.41000e+02  -4.72435e+00   1.63114e+02   1.63667e+02
           342   3.42000e+02  -4.53929e+00   1.63469e+02   1.64000e+02
           343   3.43000e+02  -4.38842e+00   1.63819e+02   1.64333e+02
           344   3.44000e+02  -4.29435e+00   1.64163e+02   1.64667e+02
           345   3.45000e+02  -4.21840e+00   1.64505e+02   1.65000e+02
           346   3.46000e+02  -4.15961e+00   1.64845e+02   1.65333e+02
           347   3.47000e+02  -4.11076e+00   1.65183e+02   1.65667e+02
           348   3.48000e+02  -4.07945e+00   1.65520e+02   1.66000e+02
           349   3.49000e+02  -4.05416e+00   1.65856e+02   1.66333e+02
           350   3.50000e+02  -4.03426e+00   1.66191e+02   1.66667e+02
           351   3.51000e+02  -4.01750e+00   1.66526e+02   1.67000e+02
           352   3.52000e+02  -4.00634e+00   1.66860e+02   1.67333e+02
           353   3.53000e+02  -3.99737e+00   1.67194e+02   1.67667e+02
           354   3.54000e+02  -3.99066e+00   1.67528e+02   1.68000e+02
           355   3.55000e+02  -3.98543e+00   1.67861e+02   1.68333e+02
           356   3.56000e+02  -3.98199e+00   1.68194e+02   1.68667e+02
           357   3.57000e+02  -3.97923e+00   1.68528e+02   1.69000e+02
           358   3.58000e+02  -3.97731e+00   1.68861e+02   1.69333e+02
           359   3.59000e+02  -3.97590e+00   1.69194e+02   1.69667e+02
           360   3.60000e+02  -3.97552e+00   1.69527e+02   1.70000e+02
           361   3.61000e+02  -3.97554e+00   1.69860e+02   1.70333e+02
           362   3.62000e+02  -3.97597e+00   1.70192e+02   1.70667e+02
           363   3.63000e+02  -3.97638e+00   1.70525e+02   1.71000e+02
           364   3.64000e+02  -3.97689e+00   1.70858e+02   1.71333e+02
           365   3.65000e+02  -3.97736e+00   1.71191e+02   1.71667e+02
           366   3.66000e+02  -3.97788e+00   1.71524e+02   1.72000e+02
           367   3.67000e+02  -3.97843e+00   1.71857e+02   1.72333e+02
           368   3.68000e+02  -3.97910e+00   1.72189e+02   1.72667e+02
           369   3.69000e+02  -3.97981e+00   1.72522e+02   1.73000e+02
           370   3.70000e+02  -3.98057e+00   1.72855e+02   1.73333e+02
           371   3.71000e+02  -3.98136e+00   1.73188e+02   1.73667e+02
           372   3.72000e+02  -3.98237e+00   1.73521e+02   1.74000e+02
           373   3.73000e+02  -3.98329e+00   1.73853e+02   1.74333e+02
           374   3.74000e+02  -3.98417e+00   1.74186e+02   1.74667e+02
           375   3.75000e+02  -3.98504e+00   1.74519e+02   1.75000e+02
           376   3.76000e+02  -3.98589e+00   1.74852e+02   1.75333e+02
           377   3.77000e+02  -3.98670e+00   1.75185e+02   1.75667e+02
           378   3.78000e+02  -3.98751e+00   1.75517e+02   1.76000e+02
           379   3.79000e+02  -3.98835e+00   1.75850e+02   1.76333e+02
           380   3.80000e+02  -3.98920e+00   1.76183e+02   1.76667e+02
           381   3.81000e+02  -3.99006e+00   1.76516e+02   1.77000e+02
           382   3.82000e+02  -3.99091e+00   1.76849e+02   1.77333e+02
           383   3.83000e+02  -3.99179e+00   1.77181e+02   1.77667e+02
           384   3.84000e+02  -3.99289e+00   1.77514e+02   1.78000e+02
           385   3.85000e+02  -3.99392e+00   1.77847e+02   1.78333e+02
           386   3.86000e+02  -3.99480e+00   1.78180e+02   1.78667e+02
           387   3.87000e+02  -3.99562e+00   1.78513e+02   1.79000e+02
           388   3.88000e+02  -3.99711e+00   1.78845e+02   1.79333e+02
           389   3.89000e+02  -3.99831e+00   1.79178e+02   1.79667e+02
           390   3.90000e+02  -3.99943e+00   1.79511e+02   1.80000e+02
           391   3.91000e+02  -4.00027e+00   1.79844e+02   1.80333e+02
           392   3.92000e+02  -4.00115e+00   1.80176e+02   1.80667e+02
           393   3.93000e+02  -4.00214e+00   1.80509e+02   1.81000e+02
           394   3.94000e+02  -4.00316e+00   1.80842e+02   1.81333e+02
           395   3.95000e+02  -4.00419e+00   1.81175e+02   1.81667e+02
           396   3.96000e+02  -4.00525e+00   1.81508e+02   1.82000e+02
           397   3.97000e+02  -4.00625e+00   1.81840e+02   1.82333e+02
           398   3.98000e+02  -4.00723e+00   1.82173e+02   1.82667e+02
           399   3.99000e+02  -4.00818e+00   1.82506e+02   1.83000e+02
           400   4.00000e+02  -4.00910e+00   1.82839e+02   1.83333e+02
           401   4.01000e+02  -4.01006e+00   1.83171e+02   1.83667e+02
           402   4.02000e+02  -4.01103e+00   1.83504e+02   1.84000e+02
           403   4.03000e+02  -4.01201e+00   1.83837e+02   1.84333e+02
           404   4.04000e+02  -4.01303e+00   1.84170e+02   1.84667e+02
           405   4.05000e+02  -4.01410e+00   1.84503e+02   1.85000e+02
           406   4.06000e+02  -4.01526e+00   1.84835e+02   1.85333e+02
           407   4.07000e+02  -4.01647e+00   1.85168e+02   1.85667e+02
           408   4.08000e+02  -4.01785e+00   1.85501e+02   1.86000e+02
           409   4.09000e+02  -4.01915e+00   1.85834e+02   1.86333e+02
           410   4.10000e+02  -4.02041e+00   1.86166e+02   1.86667e+02
           411   4.11000e+02  -4.02169e+00   1.86499e+02   1.87000e+02
           412   4.12000e+02  -4.02286e+00   1.86832e+02   1.87333e+02
           413   4.13000e+02  -4.02408e+00   1.87165e+02   1.87667e+02
           414   4.14000e+02  -4.02514e+00   1.87497e+02   1.88000e+02
           415   4.15000e+02  -4.02589e+00   1.87830e+02   1.88333e+02
           416   4.16000e+02  -4.02672e+00   1.88163e+02   1.88667e+02
           417   4.17000e+02  -4.00675e+00   1.88498e+02   1.89000e+02
           418   4.18000e+02  -3.83621e+00   1.88853e+02   1.89333e+02
           419   4.19000e+02  -3.44391e+00   1.89235e+02   1.89667e+02
           420   4.20000e+02  -2.18725e+00   1.89725e+02   1.90000e+02
           421   4.21000e+02  -8.34110e-01   1.89895e+02   1.90000e+02
           422   4.22000e+02   2.76427e-01   1.90035e+02   1.90000e+02
           423   4.23000e+02   1.09793e+00   1.90138e+02   1.90000e+02
           424   4.24000e+02   1.29295e+00   1.90162e+02   1.90000e+02
           425   4.25000e+02   1.35266e+00   1.90170e+02   1.90000e+02
           426   4.26000e+02   1.33992e+00   1.90168e+02   1.90000e+02
           427   4.27000e+02   1.30147e+00   1.90163e+02   1.90000e+02
           428   4.28000e+02   1.22338e+00   1.90154e+02   1.90000e+02
           429   4.29000e+02   1.13031e+00   1.90142e+02   1.90000e+02
           430   4.30000e+02   1.02805e+00   1.90129e+02   1.90000e+02
           431   4.31000e+02   9.23767e-01   1.90116e+02   1.90000e+02
           432   4.32000e+02   8.27259e-01   1.90104e+02   1.90000e+02
           433   4.33000e+02   7.37824e-01   1.90093e+02   1.90000e+02
           434   4.34000e+02   6.56646e-01   1.90082e+02   1.90000e+02
           435   4.35000e+02   5.81017e-01   1.90073e+02   1.90000e+02
           436   4.36000e+02   5.17796e-01   1.90065e+02   1.90000e+02
           437   4.37000e+02   4.60470e-01   1.90058e+02   1.90000e+02
           438   4.38000e+02   4.09645e-01   1.90051e+02   1.90000e+02
           439   4.39000e+02   3.62993e-01   1.90046e+02   1.90000e+02
           440   4.40000e+02   3.25580e-01   1.90041e+02   1.90000e+02
           441   4.41000e+02   2.91828e-01   1.90037e+02   1.90000e+02
           442   4.42000e+02   2.62028e-01   1.90033e+02   1.90000e+02
           443   4.43000e+02   2.34925e-01   1.90029e+02   1.90000e+02
           444   4.44000e+02   2.13808e-01   1.90027e+02   1.90000e+02
           445   4.45000e+02   1.94695e-01   1.90024e+02   1.90000e+02
           446   4.46000e+02   1.77644e-01   1.90022e+02   1.90000e+02
           447   4.47000e+02   1.61930e-01   1.90020e+02   1.90000e+02
           448   4.48000e+02   1.49480e-01   1.90019e+02   1.90000e+02
           449   4.49000e+02   1.37761e-01   1.90017e+02   1.90000e+02
           450   4.50000e+02   1.27313e-01   1.90016e+02   1.90000e+02
           451   4.51000e+02   1.18281e-01   1.90015e+02   1.90000e+02
           452   4.52000e+02   1.10737e-01   1.90014e+02   1.90000e+02
           453   4.53000e+02   1.03688e-01   1.90013e+02   1.90000e+02
           454   4.54000e+02   9.73220e-02   1.90012e+02   1.90000e+02
           455   4.55000e+02   9.14360e-02   1.90011e+02   1.90000e+02
           456   4.56000e+02   8.66643e-02   1.90011e+02   1.90000e+02
           457   4.57000e+02   8.20786e-02   1.90010e+02   1.90000e+02
           458   4.58000e+02   7.76001e-02   1.90010e+02   1.90000e+02
           459   4.59000e+02   7.31757e-02   1.90009e+02   1.90000e+02
           460   4.60000e+02   6.95800e-02   1.90009e+02   1.90000e+02
           461   4.61000e+02   6.63932e-02   1.90008e+02   1.90000e+02
           462   4.62000e+02   6.33610e-02   1.90008e+02   1.90000e+02
           463   4.63000e+02   6.03494e-02   1.90008e+02   1.90000e+02
           464   4.64000e+02   5.75132e-02   1.90007e+02   1.90000e+02
           465   4.65000e+02   5.45008e-02   1.90007e+02   1.90000e+02
           466   4.66000e+02   5.14978e-02   1.90006e+02   1.90000e+02
           467   4.67000e+02   4.88376e-02   1.90006e+02   1.90000e+02
           468   4.68000e+02   4.70276e-02   1.90006e+02   1.90000e+02
           469   4.69000e+02   4.51762e-02   1.90006e+02   1.90000e+02
           470   4.70000e+02   4.32438e-02   1.90005e+02   1.90000e+02
           471   4.71000e+02   4.12378e-02   1.90005e+02   1.90000e+02
           472   4.72000e+02   3.94123e-02   1.90005e+02   1.90000e+02
           473   4.73000e+02   3.75532e-02   1.90005e+02   1.90000e+02
           474   4.74000e+02   3.55300e-02   1.90004e+02   1.90000e+02
           475   4.75000e+02   3.33923e-02   1.90004e+02   1.90000e+02
           476   4.76000e+02   3.22576e-02   1.90004e+02   1.90000e+02
           477   4.77000e+02   3.10565e-02   1.90004e+02   1.90000e+02
           478   4.78000e+02   2.98944e-02   1.90004e+02   1.90000e+02
           479   4.79000e+02   2.87916e-02   1.90004e+02   1.90000e+02
           480   4.80000e+02   2.77223e-02   1.90003e+02   1.90000e+02
!&aCETE
