         Index             t Heat Flow ...            Ts            Tr
           [#]           [s]       [Wg^-1]          [°C]          [°C]
             0   0.00000e+00  -1.58828e-01   4.99880e+01   5.00000e+01
             1   1.00000e+00  -2.92111e-01   5.03112e+01   5.03333e+01
             2   2.00000e+00  -7.43715e-01   5.06102e+01   5.06667e+01
             3   3.00000e+00  -1.48723e+00   5.08868e+01   5.10000e+01
             4   4.00000e+00  -2.55055e+00   5.11389e+01   5.13333e+01
             5   5.00000e+00  -3.43600e+00   5.14044e+01   5.16667e+01
             6   6.00000e+00  -4.03249e+00   5.16917e+01   5.20000e+01
             7   7.00000e+00  -4.43031e+00   5.19940e+01   5.23333e+01
             8   8.00000e+00  -4.51382e+00   5.23204e+01   5.26667e+01
             9   9.00000e+00  -4.53227e+00   5.26518e+01   5.30000e+01
            10   1.00000e+01  -4.50683e+00   5.29865e+01   5.33333e+01
            11   1.10000e+01  -4.46184e+00   5.33227e+01   5.36667e+01
            12   1.20000e+01  -4.38974e+00   5.36611e+01   5.40000e+01
            13   1.30000e+01  -4.31138e+00   5.39999e+01   5.43333e+01
            14   1.40000e+01  -4.22922e+00   5.43391e+01   5.46667e+01
            15   1.50000e+01  -4.14607e+00   5.46783e+01   5.50000e+01
            16   1.60000e+01  -4.06502e+00   5.50175e+01   5.53333e+01
            17   1.70000e+01  -3.98710e+00   5.53564e+01   5.56667e+01
            18   1.80000e+01  -3.91349e+00   5.56949e+01   5.60000e+01
            19   1.90000e+01  -3.84319e+00   5.60333e+01   5.63333e+01
            20   2.00000e+01  -3.78092e+00   5.63710e+01   5.66667e+01
            21   2.10000e+01  -3.72229e+00   5.67084e+01   5.70000e+01
            22   2.20000e+01  -3.66799e+00   5.70456e+01   5.73333e+01
            23   2.30000e+01  -3.61666e+00   5.73825e+01   5.76667e+01
            24   2.40000e+01  -3.57209e+00   5.77189e+01   5.80000e+01
            25   2.50000e+01  -3.53017e+00   5.80551e+01   5.83333e+01
            26   2.60000e+01  -3.49145e+00   5.83910e+01   5.86667e+01
            27   2.70000e+01  -3.45472e+00   5.87268e+01   5.90000e+01
            28   2.80000e+01  -3.42318e+00   5.90622e+01   5.93333e+01
            29   2.90000e+01  -3.39352e+00   5.93975e+01   5.96667e+01
            30   3.00000e+01  -3.36615e+00   5.97326e+01   6.00000e+01
            31   3.10000e+01  -3.34026e+00   6.00675e+01   6.03333e+01
            32   3.20000e+01  -3.31754e+00   6.04023e+01   6.06667e+01
            33   3.30000e+01  -3.29662e+00   6.07369e+01   6.10000e+01
            34   3.40000e+01  -3.27701e+00   6.10713e+01   6.13333e+01
            35   3.50000e+01  -3.25837e+00   6.14058e+01   6.16667e+01
            36   3.60000e+01  -3.24183e+00   6.17400e+01   6.20000e+01
            37   3.70000e+01  -3.22603e+00   6.20742e+01   6.23333e+01
            38   3.80000e+01  -3.21119e+00   6.24083e+01   6.26667e+01
            39   3.90000e+01  -3.19700e+00   6.27424e+01   6.30000e+01
            40   4.00000e+01  -3.18439e+00   6.30764e+01   6.33333e+01
            41   4.10000e+01  -3.17248e+00   6.34103e+01   6.36667e+01
            42   4.20000e+01  -3.16139e+00   6.37441e+01   6.40000e+01
            43   4.30000e+01  -3.15078e+00   6.40779e+01   6.43333e+01
            44   4.40000e+01  -3.14055e+00   6.44117e+01   6.46667e+01
            45   4.50000e+01  -3.13082e+00   6.47454e+01   6.50000e+01
            46   4.60000e+01  -3.12183e+00   6.50791e+01   6.53333e+01
            47   4.70000e+01  -3.11341e+00   6.54127e+01   6.56667e+01
            48   4.80000e+01  -3.10546e+00   6.57463e+01   6.60000e+01
            49   4.90000e+01  -3.09758e+00   6.60799e+01   6.63333e+01
            50   5.00000e+01  -3.08993e+00   6.64135e+01   6.66667e+01
            51   5.10000e+01  -3.08264e+00   6.67470e+01   6.70000e+01
            52   5.20000e+01  -3.07632e+00   6.70805e+01   6.73333e+01
            53   5.30000e+01  -3.07031e+00   6.74139e+01   6.76667e+01
            54   5.40000e+01  -3.06446e+00   6.77473e+01   6.80000e+01
            55   5.50000e+01  -3.05866e+00   6.80808e+01   6.83333e+01
            56   5.60000e+01  -3.05317e+00   6.84142e+01   6.86667e+01
            57   5.70000e+01  -3.04766e+00   6.87476e+01   6.90000e+01
            58   5.80000e+01  -3.04248e+00   6.90810e+01   6.93333e+01
            59   5.90000e+01  -3.03751e+00   6.94143e+01   6.96667e+01
            60   6.00000e+01  -3.03310e+00   6.97476e+01   7.00000e+01
            61   6.10000e+01  -3.02859e+00   7.00810e+01   7.03333e+01
            62   6.20000e+01  -3.02417e+00   7.04143e+01   7.06667e+01
            63   6.30000e+01  -3.01978e+00   7.07476e+01   7.10000e+01
            64   6.40000e+01  -3.01590e+00   7.10809e+01   7.13333e+01
            65   6.50000e+01  -3.01209e+00   7.14142e+01   7.16667e+01
            66   6.60000e+01  -3.00838e+00   7.17474e+01   7.20000e+01
            67   6.70000e+01  -3.00484e+00   7.20807e+01   7.23333e+01
            68   6.80000e+01  -3.00138e+00   7.24139e+01   7.26667e+01
            69   6.90000e+01  -2.99795e+00   7.27472e+01   7.30000e+01
            70   7.00000e+01  -2.99456e+00   7.30804e+01   7.33333e+01
            71   7.10000e+01  -2.99113e+00   7.34137e+01   7.36667e+01
            72   7.20000e+01  -2.98799e+00   7.37469e+01   7.40000e+01
            73   7.30000e+01  -2.98503e+00   7.40801e+01   7.43333e+01
            74   7.40000e+01  -2.98225e+00   7.44133e+01   7.46667e+01
            75   7.50000e+01  -2.97941e+00   7.47465e+01   7.50000e+01
            76   7.60000e+01  -2.97674e+00   7.50797e+01   7.53333e+01
            77   7.70000e+01  -2.97407e+00   7.54128e+01   7.56667e+01
            78   7.80000e+01  -2.97144e+00   7.57460e+01   7.60000e+01
            79   7.90000e+01  -2.96886e+00   7.60792e+01   7.63333e+01
            80   8.00000e+01  -2.96646e+00   7.64124e+01   7.66667e+01
            81   8.10000e+01  -2.96406e+00   7.67455e+01   7.70000e+01
            82   8.20000e+01  -2.96171e+00   7.70787e+01   7.73333e+01
            83   8.30000e+01  -2.95942e+00   7.74119e+01   7.76667e+01
            84   8.40000e+01  -2.95736e+00   7.77450e+01   7.80000e+01
            85   8.50000e+01  -2.95524e+00   7.80781e+01   7.83333e+01
            86   8.60000e+01  -2.95331e+00   7.84113e+01   7.86667e+01
            87   8.70000e+01  -2.95150e+00   7.87444e+01   7.90000e+01
            88   8.80000e+01  -2.94974e+00   7.90775e+01   7.93333e+01
            89   8.90000e+01  -2.94790e+00   7.94106e+01   7.96667e+01
            90   9.00000e+01  -2.94619e+00   7.97437e+01   8.00000e+01
            91   9.10000e+01  -2.94447e+00   8.00768e+01   8.03333e+01
            92   9.20000e+01  -2.94216e+00   8.04100e+01   8.06667e+01
            93   9.30000e+01  -2.94002e+00   8.07431e+01   8.10000e+01
            94   9.40000e+01  -2.93813e+00   8.10763e+01   8.13333e+01
            95   9.50000e+01  -2.93645e+00   8.14094e+01   8.16667e+01
            96   9.60000e+01  -2.93498e+00   8.17425e+01   8.20000e+01
            97   9.70000e+01  -2.93335e+00   8.20756e+01   8.23333e+01
            98   9.80000e+01  -2.93175e+00   8.24087e+01   8.26667e+01
            99   9.90000e+01  -2.93017e+00   8.27418e+01   8.30000e+01
           100   1.00000e+02  -2.92864e+00   8.30749e+01   8.33333e+01
           101   1.01000e+02  -2.92715e+00   8.34080e+01   8.36667e+01
           102   1.02000e+02  -2.92569e+00   8.37411e+01   8.40000e+01
           103   1.03000e+02  -2.92426e+00   8.40741e+01   8.43333e+01
           104   1.04000e+02  -2.92300e+00   8.44072e+01   8.46667e+01
           105   1.05000e+02  -2.92167e+00   8.47403e+01   8.50000e+01
           106   1.06000e+02  -2.92030e+00   8.50734e+01   8.53333e+01
           107   1.07000e+02  -2.91891e+00   8.54065e+01   8.56667e+01
           108   1.08000e+02  -2.91758e+00   8.57396e+01   8.60000e+01
           109   1.09000e+02  -2.91624e+00   8.60726e+01   8.63333e+01
           110   1.10000e+02  -2.91490e+00   8.64057e+01   8.66667e+01
           111   1.11000e+02  -2.91356e+00   8.67388e+01   8.70000e+01
           112   1.12000e+02  -2.91230e+00   8.70719e+01   8.73333e+01
           113   1.13000e+02  -2.91107e+00   8.74050e+01   8.76667e+01
           114   1.14000e+02  -2.90982e+00   8.77380e+01   8.80000e+01
           115   1.15000e+02  -2.90858e+00   8.80711e+01   8.83333e+01
           116   1.16000e+02  -2.90748e+00   8.84042e+01   8.86667e+01
           117   1.17000e+02  -2.90634e+00   8.87373e+01   8.90000e+01
           118   1.18000e+02  -2.90525e+00   8.90703e+01   8.93333e+01
           119   1.19000e+02  -2.90421e+00   8.94034e+01   8.96667e+01
           120   1.20000e+02  -2.90330e+00   8.97364e+01   9.00000e+01
           121   1.21000e+02  -2.90242e+00   9.00695e+01   9.03333e+01
           122   1.22000e+02  -2.90161e+00   9.04025e+01   9.06667e+01
           123   1.23000e+02  -2.90084e+00   9.07356e+01   9.10000e+01
           124   1.24000e+02  -2.90029e+00   9.10686e+01   9.13333e+01
           125   1.25000e+02  -2.89966e+00   9.14016e+01   9.16667e+01
           126   1.26000e+02  -2.89900e+00   9.17346e+01   9.20000e+01
           127   1.27000e+02  -2.89832e+00   9.20677e+01   9.23333e+01
           128   1.28000e+02  -2.89760e+00   9.24007e+01   9.26667e+01
           129   1.29000e+02  -2.89684e+00   9.27337e+01   9.30000e+01
           130   1.30000e+02  -2.89607e+00   9.30668e+01   9.33333e+01
           131   1.31000e+02  -2.89534e+00   9.33998e+01   9.36667e+01
           132   1.32000e+02  -2.89454e+00   9.37329e+01   9.40000e+01
           133   1.33000e+02  -2.89382e+00   9.40659e+01   9.43333e+01
           134   1.34000e+02  -2.89323e+00   9.43989e+01   9.46667e+01
           135   1.35000e+02  -2.89271e+00   9.47320e+01   9.50000e+01
           136   1.36000e+02  -2.89226e+00   9.50650e+01   9.53333e+01
           137   1.37000e+02  -2.89171e+00   9.53980e+01   9.56667e+01
           138   1.38000e+02  -2.89111e+00   9.57310e+01   9.60000e+01
           139   1.39000e+02  -2.89046e+00   9.60641e+01   9.63333e+01
           140   1.40000e+02  -2.88961e+00   9.63971e+01   9.66667e+01
           141   1.41000e+02  -2.88880e+00   9.67302e+01   9.70000e+01
           142   1.42000e+02  -2.88797e+00   9.70632e+01   9.73333e+01
           143   1.43000e+02  -2.88713e+00   9.73963e+01   9.76667e+01
           144   1.44000e+02  -2.88609e+00   9.77293e+01   9.80000e+01
           145   1.45000e+02  -2.88511e+00   9.80624e+01   9.83333e+01
           146   1.46000e+02  -2.88414e+00   9.83955e+01   9.86667e+01
           147   1.47000e+02  -2.88317e+00   9.87285e+01   9.90000e+01
           148   1.48000e+02  -2.88228e+00   9.90616e+01   9.93333e+01
           149   1.49000e+02  -2.88138e+00   9.93947e+01   9.96667e+01
           150   1.50000e+02  -2.88043e+00   9.97277e+01   1.00000e+02
           151   1.51000e+02  -2.87968e+00   1.00061e+02   1.00333e+02
           152   1.52000e+02  -2.87945e+00   1.00394e+02   1.00667e+02
           153   1.53000e+02  -2.87934e+00   1.00727e+02   1.01000e+02
           154   1.54000e+02  -2.87943e+00   1.01060e+02   1.01333e+02
           155   1.55000e+02  -2.87949e+00   1.01393e+02   1.01667e+02
           156   1.56000e+02  -2.87969e+00   1.01726e+02   1.02000e+02
           157   1.57000e+02  -2.87988e+00   1.02059e+02   1.02333e+02
           158   1.58000e+02  -2.88008e+00   1.02392e+02   1.02667e+02
           159   1.59000e+02  -2.88029e+00   1.02725e+02   1.03000e+02
           160   1.60000e+02  -2.88049e+00   1.03058e+02   1.03333e+02
           161   1.61000e+02  -2.88066e+00   1.03390e+02   1.03667e+02
           162   1.62000e+02  -2.88089e+00   1.03723e+02   1.04000e+02
           163   1.63000e+02  -2.88098e+00   1.04056e+02   1.04333e+02
           164   1.64000e+02  -2.88060e+00   1.04389e+02   1.04667e+02
           165   1.65000e+02  -2.88046e+00   1.04722e+02   1.05000e+02
           166   1.66000e+02  -2.88034e+00   1.05055e+02   1.05333e+02
           167   1.67000e+02  -2.88019e+00   1.05388e+02   1.05667e+02
           168   1.68000e+02  -2.88002e+00   1.05721e+02   1.06000e+02
           169   1.69000e+02  -2.87987e+00   1.06054e+02   1.06333e+02
           170   1.70000e+02  -2.87977e+00   1.06387e+02   1.06667e+02
           171   1.71000e+02  -2.87969e+00   1.06720e+02   1.07000e+02
           172   1.72000e+02  -2.87966e+00   1.07053e+02   1.07333e+02
           173   1.73000e+02  -2.87966e+00   1.07386e+02   1.07667e+02
           174   1.74000e+02  -2.87966e+00   1.07719e+02   1.08000e+02
           175   1.75000e+02  -2.87967e+00   1.08052e+02   1.08333e+02
           176   1.76000e+02  -2.87973e+00   1.08385e+02   1.08667e+02
           177   1.77000e+02  -2.87968e+00   1.08718e+02   1.09000e+02
           178   1.78000e+02  -2.87957e+00   1.09051e+02   1.09333e+02
           179   1.79000e+02  -2.87943e+00   1.09384e+02   1.09667e+02
           180   1.80000e+02  -2.87920e+00   1.09717e+02   1.10000e+02
           181   1.81000e+02  -2.87903e+00   1.10050e+02   1.10333e+02
           182   1.82000e+02  -2.87885e+00   1.10383e+02   1.10667e+02
           183   1.83000e+02  -2.87866e+00   1.10716e+02   1.11000e+02
           184   1.84000e+02  -2.87843e+00   1.11049e+02   1.11333e+02
           185   1.85000e+02  -2.87818e+00   1.11382e+02   1.11667e+02
           186   1.86000e+02  -2.87791e+00   1.11715e+02   1.12000e+02
           187   1.87000e+02  -2.87765e+00   1.12048e+02   1.12333e+02
           188   1.88000e+02  -2.87732e+00   1.12381e+02   1.12667e+02
           189   1.89000e+02  -2.87703e+00   1.12714e+02   1.13000e+02
           190   1.90000e+02  -2.87675e+00   1.13047e+02   1.13333e+02
           191   1.91000e+02  -2.87648e+00   1.13380e+02   1.13667e+02
           192   1.92000e+02  -2.87621e+00   1.13713e+02   1.14000e+02
           193   1.93000e+02  -2.87591e+00   1.14046e+02   1.14333e+02
           194   1.94000e+02  -2.87559e+00   1.14379e+02   1.14667e+02
           195   1.95000e+02  -2.87527e+00   1.14712e+02   1.15000e+02
           196   1.96000e+02  -2.87490e+00   1.15045e+02   1.15333e+02
           197   1.97000e+02  -2.87460e+00   1.15378e+02   1.15667e+02
           198   1.98000e+02  -2.87437e+00   1.15711e+02   1.16000e+02
           199   1.99000e+02  -2.87417e+00   1.16044e+02   1.16333e+02
           200   2.00000e+02  -2.87409e+00   1.16377e+02   1.16667e+02
           201   2.01000e+02  -2.87400e+00   1.16710e+02   1.17000e+02
           202   2.02000e+02  -2.87395e+00   1.17043e+02   1.17333e+02
           203   2.03000e+02  -2.87394e+00   1.17376e+02   1.17667e+02
           204   2.04000e+02  -2.87415e+00   1.17709e+02   1.18000e+02
           205   2.05000e+02  -2.87433e+00   1.18042e+02   1.18333e+02
           206   2.06000e+02  -2.87451e+00   1.18375e+02   1.18667e+02
           207   2.07000e+02  -2.87469e+00   1.18708e+02   1.19000e+02
           208   2.08000e+02  -2.87528e+00   1.19041e+02   1.19333e+02
           209   2.09000e+02  -2.87582e+00   1.19374e+02   1.19667e+02
           210   2.10000e+02  -2.87626e+00   1.19707e+02   1.20000e+02
           211   2.11000e+02  -2.87673e+00   1.20040e+02   1.20333e+02
           212   2.12000e+02  -2.87718e+00   1.20373e+02   1.20667e+02
           213   2.13000e+02  -2.87752e+00   1.20706e+02   1.21000e+02
           214   2.14000e+02  -2.87763e+00   1.21039e+02   1.21333e+02
           215   2.15000e+02  -2.87771e+00   1.21372e+02   1.21667e+02
           216   2.16000e+02  -2.87784e+00   1.21705e+02   1.22000e+02
           217   2.17000e+02  -2.87807e+00   1.22038e+02   1.22333e+02
           218   2.18000e+02  -2.87828e+00   1.22371e+02   1.22667e+02
           219   2.19000e+02  -2.87845e+00   1.22704e+02   1.23000e+02
           220   2.20000e+02  -2.87872e+00   1.23037e+02   1.23333e+02
           221   2.21000e+02  -2.87893e+00   1.23370e+02   1.23667e+02
           222   2.22000e+02  -2.87917e+00   1.23703e+02   1.24000e+02
           223   2.23000e+02  -2.87946e+00   1.24036e+02   1.24333e+02
           224   2.24000e+02  -2.87969e+00   1.24369e+02   1.24667e+02
           225   2.25000e+02  -2.87996e+00   1.24702e+02   1.25000e+02
           226   2.26000e+02  -2.88024e+00   1.25035e+02   1.25333e+02
           227   2.27000e+02  -2.88051e+00   1.25368e+02   1.25667e+02
           228   2.28000e+02  -2.88081e+00   1.25700e+02   1.26000e+02
           229   2.29000e+02  -2.88105e+00   1.26033e+02   1.26333e+02
           230   2.30000e+02  -2.88129e+00   1.26366e+02   1.26667e+02
           231   2.31000e+02  -2.88154e+00   1.26699e+02   1.27000e+02
           232   2.32000e+02  -2.88174e+00   1.27032e+02   1.27333e+02
           233   2.33000e+02  -2.88198e+00   1.27365e+02   1.27667e+02
           234   2.34000e+02  -2.88225e+00   1.27698e+02   1.28000e+02
           235   2.35000e+02  -2.88253e+00   1.28031e+02   1.28333e+02
           236   2.36000e+02  -2.88284e+00   1.28364e+02   1.28667e+02
           237   2.37000e+02  -2.88307e+00   1.28697e+02   1.29000e+02
           238   2.38000e+02  -2.88327e+00   1.29030e+02   1.29333e+02
           239   2.39000e+02  -2.88343e+00   1.29363e+02   1.29667e+02
           240   2.40000e+02  -2.88350e+00   1.29696e+02   1.30000e+02
           241   2.41000e+02  -2.88363e+00   1.30029e+02   1.30333e+02
           242   2.42000e+02  -2.88378e+00   1.30362e+02   1.30667e+02
           243   2.43000e+02  -2.88394e+00   1.30695e+02   1.31000e+02
           244   2.44000e+02  -2.88413e+00   1.31028e+02   1.31333e+02
           245   2.45000e+02  -2.88432e+00   1.31361e+02   1.31667e+02
           246   2.46000e+02  -2.88450e+00   1.31694e+02   1.32000e+02
           247   2.47000e+02  -2.88470e+00   1.32027e+02   1.32333e+02
           248   2.48000e+02  -2.88502e+00   1.32360e+02   1.32667e+02
           249   2.49000e+02  -2.88531e+00   1.32693e+02   1.33000e+02
           250   2.50000e+02  -2.88559e+00   1.33026e+02   1.33333e+02
           251   2.51000e+02  -2.88588e+00   1.33359e+02   1.33667e+02
           252   2.52000e+02  -2.88627e+00   1.33692e+02   1.34000e+02
           253   2.53000e+02  -2.88666e+00   1.34025e+02   1.34333e+02
           254   2.54000e+02  -2.88705e+00   1.34358e+02   1.34667e+02
           255   2.55000e+02  -2.88742e+00   1.34691e+02   1.35000e+02
           256   2.56000e+02  -2.88776e+00   1.35024e+02   1.35333e+02
           257   2.57000e+02  -2.88804e+00   1.35357e+02   1.35667e+02
           258   2.58000e+02  -2.88830e+00   1.35690e+02   1.36000e+02
           259   2.59000e+02  -2.88854e+00   1.36022e+02   1.36333e+02
           260   2.60000e+02  -2.88864e+00   1.36355e+02   1.36667e+02
           261   2.61000e+02  -2.88884e+00   1.36688e+02   1.37000e+02
           262   2.62000e+02  -2.88911e+00   1.37021e+02   1.37333e+02
           263   2.63000e+02  -2.88941e+00   1.37354e+02   1.37667e+02
           264   2.64000e+02  -2.88982e+00   1.37687e+02   1.38000e+02
           265   2.65000e+02  -2.89021e+00   1.38020e+02   1.38333e+02
           266   2.66000e+02  -2.89063e+00   1.38353e+02   1.38667e+02
           267   2.67000e+02  -2.89106e+00   1.38686e+02   1.39000e+02
           268   2.68000e+02  -2.89160e+00   1.39019e+02   1.39333e+02
           269   2.69000e+02  -2.89205e+00   1.39352e+02   1.39667e+02
           270   2.70000e+02  -2.89245e+00   1.39685e+02   1.40000e+02
           271   2.71000e+02  -2.89279e+00   1.40018e+02   1.40333e+02
           272   2.72000e+02  -2.89302e+00   1.40351e+02   1.40667e+02
           273   2.73000e+02  -2.89330e+00   1.40684e+02   1.41000e+02
           274   2.74000e+02  -2.89362e+00   1.41017e+02   1.41333e+02
           275   2.75000e+02  -2.89392e+00   1.41350e+02   1.41667e+02
           276   2.76000e+02  -2.89433e+00   1.41683e+02   1.42000e+02
           277   2.77000e+02  -2.89471e+00   1.42016e+02   1.42333e+02
           278   2.78000e+02  -2.89512e+00   1.42349e+02   1.42667e+02
           279   2.79000e+02  -2.89561e+00   1.42682e+02   1.43000e+02
           280   2.80000e+02  -2.89581e+00   1.43015e+02   1.43333e+02
           281   2.81000e+02  -2.89611e+00   1.43348e+02   1.43667e+02
           282   2.82000e+02  -2.89644e+00   1.43681e+02   1.44000e+02
           283   2.83000e+02  -2.89679e+00   1.44014e+02   1.44333e+02
           284   2.84000e+02  -2.89704e+00   1.44347e+02   1.44667e+02
           285   2.85000e+02  -2.89731e+00   1.44679e+02   1.45000e+02
           286   2.86000e+02  -2.89761e+00   1.45012e+02   1.45333e+02
           287   2.87000e+02  -2.89793e+00   1.45345e+02   1.45667e+02
           288   2.88000e+02  -2.89829e+00   1.45678e+02   1.46000e+02
           289   2.89000e+02  -2.89867e+00   1.46011e+02   1.46333e+02
           290   2.90000e+02  -2.89908e+00   1.46344e+02   1.46667e+02
           291   2.91000e+02  -2.89952e+00   1.46677e+02   1.47000e+02
           292   2.92000e+02  -2.90020e+00   1.47010e+02   1.47333e+02
           293   2.93000e+02  -2.90087e+00   1.47343e+02   1.47667e+02
           294   2.94000e+02  -2.90153e+00   1.47676e+02   1.48000e+02
           295   2.95000e+02  -2.90218e+00   1.48009e+02   1.48333e+02
           296   2.96000e+02  -2.90303e+00   1.48342e+02   1.48667e+02
           297   2.97000e+02  -2.90385e+00   1.48675e+02   1.49000e+02
           298   2.98000e+02  -2.90423e+00   1.49008e+02   1.49333e+02
           299   2.99000e+02  -2.90425e+00   1.49341e+02   1.49667e+02
           300   3.00000e+02  -2.90416e+00   1.49674e+02   1.50000e+02
           301   3.01000e+02  -2.90431e+00   1.50007e+02   1.50333e+02
           302   3.02000e+02  -2.90449e+00   1.50340e+02   1.50667e+02
           303   3.03000e+02  -2.90466e+00   1.50673e+02   1.51000e+02
           304   3.04000e+02  -2.90502e+00   1.51006e+02   1.51333e+02
           305   3.05000e+02  -2.90536e+00   1.51339e+02   1.51667e+02
           306   3.06000e+02  -2.90575e+00   1.51672e+02   1.52000e+02
           307   3.07000e+02  -2.90617e+00   1.52005e+02   1.52333e+02
           308   3.08000e+02  -2.90668e+00   1.52338e+02   1.52667e+02
           309   3.09000e+02  -2.90713e+00   1.52670e+02   1.53000e+02
           310   3.10000e+02  -2.90756e+00   1.53003e+02   1.53333e+02
           311   3.11000e+02  -2.90800e+00   1.53336e+02   1.53667e+02
           312   3.12000e+02  -2.90831e+00   1.53669e+02   1.54000e+02
           313   3.13000e+02  -2.90860e+00   1.54002e+02   1.54333e+02
           314   3.14000e+02  -2.90887e+00   1.54335e+02   1.54667e+02
           315   3.15000e+02  -2.90913e+00   1.54668e+02   1.55000e+02
           316   3.16000e+02  -2.90927e+00   1.55001e+02   1.55333e+02
           317   3.17000e+02  -2.90950e+00   1.55334e+02   1.55667e+02
           318   3.18000e+02  -2.90978e+00   1.55667e+02   1.56000e+02
           319   3.19000e+02  -2.91008e+00   1.56000e+02   1.56333e+02
           320   3.20000e+02  -2.91046e+00   1.56333e+02   1.56667e+02
           321   3.21000e+02  -2.91081e+00   1.56666e+02   1.57000e+02
           322   3.22000e+02  -2.91115e+00   1.56999e+02   1.57333e+02
           323   3.23000e+02  -2.91151e+00   1.57332e+02   1.57667e+02
           324   3.24000e+02  -2.91194e+00   1.57665e+02   1.58000e+02
           325   3.25000e+02  -2.91236e+00   1.57998e+02   1.58333e+02
           326   3.26000e+02  -2.91279e+00   1.58331e+02   1.58667e+02
           327   3.27000e+02  -2.91322e+00   1.58664e+02   1.59000e+02
           328   3.28000e+02  -2.91374e+00   1.58997e+02   1.59333e+02
           329   3.29000e+02  -2.91424e+00   1.59330e+02   1.59667e+02
           330   3.30000e+02  -2.91473e+00   1.59663e+02   1.60000e+02
           331   3.31000e+02  -2.91522e+00   1.59996e+02   1.60333e+02
           332   3.32000e+02  -2.91576e+00   1.60329e+02   1.60667e+02
           333   3.33000e+02  -2.91633e+00   1.60662e+02   1.61000e+02
           334   3.34000e+02  -2.91695e+00   1.60994e+02   1.61333e+02
           335   3.35000e+02  -2.91761e+00   1.61327e+02   1.61667e+02
           336   3.36000e+02  -2.91836e+00   1.61660e+02   1.62000e+02
           337   3.37000e+02  -2.91910e+00   1.61993e+02   1.62333e+02
           338   3.38000e+02  -2.91987e+00   1.62326e+02   1.62667e+02
           339   3.39000e+02  -2.92070e+00   1.62659e+02   1.63000e+02
           340   3.40000e+02  -2.92171e+00   1.62992e+02   1.63333e+02
           341   3.41000e+02  -2.92272e+00   1.63325e+02   1.63667e+02
           342   3.42000e+02  -2.92374e+00   1.63658e+02   1.64000e+02
           343   3.43000e+02  -2.92475e+00   1.63991e+02   1.64333e+02
           344   3.44000e+02  -2.92615e+00   1.64324e+02   1.64667e+02
           345   3.45000e+02  -2.92745e+00   1.64656e+02   1.65000e+02
           346   3.46000e+02  -2.92902e+00   1.64989e+02   1.65333e+02
           347   3.47000e+02  -2.93101e+00   1.65322e+02   1.65667e+02
           348   3.48000e+02  -2.93441e+00   1.65655e+02   1.66000e+02
           349   3.49000e+02  -2.93849e+00   1.65987e+02   1.66333e+02
           350   3.50000e+02  -2.94353e+00   1.66320e+02   1.66667e+02
           351   3.51000e+02  -2.94911e+00   1.66652e+02   1.67000e+02
           352   3.52000e+02  -2.95767e+00   1.66984e+02   1.67333e+02
           353   3.53000e+02  -2.96822e+00   1.67316e+02   1.67667e+02
           354   3.54000e+02  -2.98334e+00   1.67647e+02   1.68000e+02
           355   3.55000e+02  -3.00362e+00   1.67977e+02   1.68333e+02
           356   3.56000e+02  -3.08258e+00   1.68301e+02   1.68667e+02
           357   3.57000e+02  -3.39850e+00   1.68597e+02   1.69000e+02
           358   3.58000e+02  -4.38853e+00   1.68812e+02   1.69333e+02
           359   3.59000e+02  -6.02242e+00   1.68950e+02   1.69667e+02
           360   3.60000e+02  -8.39277e+00   1.69001e+02   1.70000e+02
           361   3.61000e+02  -1.05993e+01   1.69070e+02   1.70333e+02
           362   3.62000e+02  -1.22714e+01   1.69203e+02   1.70667e+02
           363   3.63000e+02  -1.34069e+01   1.69400e+02   1.71000e+02
           364   3.64000e+02  -1.32173e+01   1.69754e+02   1.71333e+02
           365   3.65000e+02  -1.26622e+01   1.70152e+02   1.71667e+02
           366   3.66000e+02  -1.18636e+01   1.70580e+02   1.72000e+02
           367   3.67000e+02  -1.09639e+01   1.71020e+02   1.72333e+02
           368   3.68000e+02  -9.89584e+00   1.71480e+02   1.72667e+02
           369   3.69000e+02  -8.75488e+00   1.71949e+02   1.73000e+02
           370   3.70000e+02  -7.59684e+00   1.72421e+02   1.73333e+02
           371   3.71000e+02  -6.47261e+00   1.72888e+02   1.73667e+02
           372   3.72000e+02  -5.65978e+00   1.73319e+02   1.74000e+02
           373   3.73000e+02  -5.02194e+00   1.73728e+02   1.74333e+02
           374   3.74000e+02  -4.54450e+00   1.74119e+02   1.74667e+02
           375   3.75000e+02  -4.15678e+00   1.74498e+02   1.75000e+02
           376   3.76000e+02  -3.91555e+00   1.74860e+02   1.75333e+02
           377   3.77000e+02  -3.72052e+00   1.75217e+02   1.75667e+02
           378   3.78000e+02  -3.56855e+00   1.75568e+02   1.76000e+02
           379   3.79000e+02  -3.44157e+00   1.75917e+02   1.76333e+02
           380   3.80000e+02  -3.35859e+00   1.76260e+02   1.76667e+02
           381   3.81000e+02  -3.29045e+00   1.76601e+02   1.77000e+02
           382   3.82000e+02  -3.23643e+00   1.76940e+02   1.77333e+02
           383   3.83000e+02  -3.19066e+00   1.77279e+02   1.77667e+02
           384   3.84000e+02  -3.16014e+00   1.77616e+02   1.78000e+02
           385   3.85000e+02  -3.13497e+00   1.77952e+02   1.78333e+02
           386   3.86000e+02  -3.11514e+00   1.78287e+02   1.78667e+02
           387   3.87000e+02  -3.09845e+00   1.78622e+02   1.79000e+02
           388   3.88000e+02  -3.08694e+00   1.78956e+02   1.79333e+02
           389   3.89000e+02  -3.07750e+00   1.79291e+02   1.79667e+02
           390   3.90000e+02  -3.07046e+00   1.79624e+02   1.80000e+02
           391   3.91000e+02  -3.06511e+00   1.79958e+02   1.80333e+02
           392   3.92000e+02  -3.06152e+00   1.80292e+02   1.80667e+02
           393   3.93000e+02  -3.05830e+00   1.80625e+02   1.81000e+02
           394   3.94000e+02  -3.05555e+00   1.80958e+02   1.81333e+02
           395   3.95000e+02  -3.05312e+00   1.81292e+02   1.81667e+02
           396   3.96000e+02  -3.05166e+00   1.81625e+02   1.82000e+02
           397   3.97000e+02  -3.05060e+00   1.81958e+02   1.82333e+02
           398   3.98000e+02  -3.05012e+00   1.82291e+02   1.82667e+02
           399   3.99000e+02  -3.05007e+00   1.82624e+02   1.83000e+02
           400   4.00000e+02  -3.05038e+00   1.82957e+02   1.83333e+02
           401   4.01000e+02  -3.05038e+00   1.83290e+02   1.83667e+02
           402   4.02000e+02  -3.05046e+00   1.83623e+02   1.84000e+02
           403   4.03000e+02  -3.05061e+00   1.83956e+02   1.84333e+02
           404   4.04000e+02  -3.05072e+00   1.84289e+02   1.84667e+02
           405   4.05000e+02  -3.05093e+00   1.84622e+02   1.85000e+02
           406   4.06000e+02  -3.05142e+00   1.84955e+02   1.85333e+02
           407   4.07000e+02  -3.05212e+00   1.85288e+02   1.85667e+02
           408   4.08000e+02  -3.05274e+00   1.85621e+02   1.86000e+02
           409   4.09000e+02  -3.05327e+00   1.85954e+02   1.86333e+02
           410   4.10000e+02  -3.05380e+00   1.86287e+02   1.86667e+02
           411   4.11000e+02  -3.05433e+00   1.86620e+02   1.87000e+02
           412   4.12000e+02  -3.05476e+00   1.86953e+02   1.87333e+02
           413   4.13000e+02  -3.05522e+00   1.87285e+02   1.87667e+02
           414   4.14000e+02  -3.05568e+00   1.87618e+02   1.88000e+02
           415   4.15000e+02  -3.05612e+00   1.87951e+02   1.88333e+02
           416   4.16000e+02  -3.05596e+00   1.88284e+02   1.88667e+02
           417   4.17000e+02  -3.03800e+00   1.88620e+02   1.89000e+02
           418   4.18000e+02  -2.89513e+00   1.88971e+02   1.89333e+02
           419   4.19000e+02  -2.56952e+00   1.89344e+02   1.89667e+02
           420   4.20000e+02  -1.50919e+00   1.89811e+02   1.90000e+02
           421   4.21000e+02  -3.50235e-01   1.89956e+02   1.90000e+02
           422   4.22000e+02   6.15324e-01   1.90077e+02   1.90000e+02
           423   4.23000e+02   1.33795e+00   1.90168e+02   1.90000e+02
           424   4.24000e+02   1.51848e+00   1.90191e+02   1.90000e+02
           425   4.25000e+02   1.57807e+00   1.90198e+02   1.90000e+02
           426   4.26000e+02   1.57162e+00   1.90197e+02   1.90000e+02
           427   4.27000e+02   1.54107e+00   1.90193e+02   1.90000e+02
           428   4.28000e+02   1.47181e+00   1.90185e+02   1.90000e+02
           429   4.29000e+02   1.38778e+00   1.90174e+02   1.90000e+02
           430   4.30000e+02   1.29408e+00   1.90162e+02   1.90000e+02
           431   4.31000e+02   1.19811e+00   1.90150e+02   1.90000e+02
           432   4.32000e+02   1.10793e+00   1.90139e+02   1.90000e+02
           433   4.33000e+02   1.02347e+00   1.90128e+02   1.90000e+02
           434   4.34000e+02   9.45713e-01   1.90119e+02   1.90000e+02
           435   4.35000e+02   8.72705e-01   1.90110e+02   1.90000e+02
           436   4.36000e+02   8.10463e-01   1.90102e+02   1.90000e+02
           437   4.37000e+02   7.53631e-01   1.90095e+02   1.90000e+02
           438   4.38000e+02   7.02896e-01   1.90088e+02   1.90000e+02
           439   4.39000e+02   6.56163e-01   1.90082e+02   1.90000e+02
           440   4.40000e+02   6.18284e-01   1.90078e+02   1.90000e+02
           441   4.41000e+02   5.83626e-01   1.90073e+02   1.90000e+02
           442   4.42000e+02   5.52594e-01   1.90069e+02   1.90000e+02
           443   4.43000e+02   5.23898e-01   1.90066e+02   1.90000e+02
           444   4.44000e+02   5.00479e-01   1.90063e+02   1.90000e+02
           445   4.45000e+02   4.79232e-01   1.90060e+02   1.90000e+02
           446   4.46000e+02   4.60597e-01   1.90058e+02   1.90000e+02
           447   4.47000e+02   4.43730e-01   1.90056e+02   1.90000e+02
           448   4.48000e+02   4.28851e-01   1.90054e+02   1.90000e+02
           449   4.49000e+02   4.15509e-01   1.90052e+02   1.90000e+02
           450   4.50000e+02   4.03269e-01   1.90051e+02   1.90000e+02
           451   4.51000e+02   3.91811e-01   1.90049e+02   1.90000e+02
           452   4.52000e+02   3.82298e-01   1.90048e+02   1.90000e+02
           453   4.53000e+02   3.73411e-01   1.90047e+02   1.90000e+02
           454   4.54000e+02   3.65214e-01   1.90046e+02   1.90000e+02
           455   4.55000e+02   3.57411e-01   1.90045e+02   1.90000e+02
           456   4.56000e+02   3.50573e-01   1.90044e+02   1.90000e+02
           457   4.57000e+02   3.44243e-01   1.90043e+02   1.90000e+02
           458   4.58000e+02   3.38599e-01   1.90042e+02   1.90000e+02
           459   4.59000e+02   3.33476e-01   1.90042e+02   1.90000e+02
           460   4.60000e+02   3.28859e-01   1.90041e+02   1.90000e+02
           461   4.61000e+02   3.24358e-01   1.90041e+02   1.90000e+02
           462   4.62000e+02   3.19946e-01   1.90040e+02   1.90000e+02
           463   4.63000e+02   3.15645e-01   1.90040e+02   1.90000e+02
           464   4.64000e+02   3.11753e-01   1.90039e+02   1.90000e+02
           465   4.65000e+02   3.07867e-01   1.90039e+02   1.90000e+02
           466   4.66000e+02   3.04125e-01   1.90038e+02   1.90000e+02
           467   4.67000e+02   3.00497e-01   1.90038e+02   1.90000e+02
           468   4.68000e+02   2.97280e-01   1.90037e+02   1.90000e+02
           469   4.69000e+02   2.94065e-01   1.90037e+02   1.90000e+02
           470   4.70000e+02   2.91009e-01   1.90037e+02   1.90000e+02
           471   4.71000e+02   2.88087e-01   1.90036e+02   1.90000e+02
           472   4.72000e+02   2.85511e-01   1.90036e+02   1.90000e+02
           473   4.73000e+02   2.82832e-01   1.90035e+02   1.90000e+02
           474   4.74000e+02   2.80144e-01   1.90035e+02   1.90000e+02
           475   4.75000e+02   2.77515e-01   1.90035e+02   1.90000e+02
           476   4.76000e+02   2.74987e-01   1.90035e+02   1.90000e+02
           477   4.77000e+02   2.72290e-01   1.90034e+02   1.90000e+02
           478   4.78000e+02   2.69802e-01   1.90034e+02   1.90000e+02
           479   4.79000e+02   2.67750e-01   1.90034e+02   1.90000e+02
           480   4.80000e+02   2.65900e-01   1.90033e+02   1.90000e+02
!&aCETE
