         Index             t Heat Flow ...            Ts            Tr
           [#]           [s]       [Wg^-1]          [°C]          [°C]
             0   0.00000e+00   3.01927e-01   5.00585e+01   5.00000e+01
             1   1.00000e+00   2.02845e-01   5.03727e+01   5.03333e+01
             2   2.00000e+00  -6.61598e-02   5.06538e+01   5.06667e+01
             3   3.00000e+00  -4.79653e-01   5.09066e+01   5.10000e+01
             4   4.00000e+00  -9.70663e-01   5.11439e+01   5.13333e+01
             5   5.00000e+00  -1.32240e+00   5.14082e+01   5.16667e+01
             6   6.00000e+00  -1.50119e+00   5.17061e+01   5.20000e+01
             7   7.00000e+00  -1.57801e+00   5.20239e+01   5.23333e+01
             8   8.00000e+00  -1.53753e+00   5.23647e+01   5.26667e+01
             9   9.00000e+00  -1.49000e+00   5.27069e+01   5.30000e+01
            10   1.00000e+01  -1.44299e+00   5.30490e+01   5.33333e+01
            11   1.10000e+01  -1.39763e+00   5.33909e+01   5.36667e+01
            12   1.20000e+01  -1.35473e+00   5.37322e+01   5.40000e+01
            13   1.30000e+01  -1.31342e+00   5.40733e+01   5.43333e+01
            14   1.40000e+01  -1.27468e+00   5.44139e+01   5.46667e+01
            15   1.50000e+01  -1.23796e+00   5.47541e+01   5.50000e+01
            16   1.60000e+01  -1.20688e+00   5.50933e+01   5.53333e+01
            17   1.70000e+01  -1.17872e+00   5.54318e+01   5.56667e+01
            18   1.80000e+01  -1.15380e+00   5.57697e+01   5.60000e+01
            19   1.90000e+01  -1.13097e+00   5.61073e+01   5.63333e+01
            20   2.00000e+01  -1.11221e+00   5.64440e+01   5.66667e+01
            21   2.10000e+01  -1.09522e+00   5.67804e+01   5.70000e+01
            22   2.20000e+01  -1.08010e+00   5.71164e+01   5.73333e+01
            23   2.30000e+01  -1.06623e+00   5.74522e+01   5.76667e+01
            24   2.40000e+01  -1.05474e+00   5.77875e+01   5.80000e+01
            25   2.50000e+01  -1.04425e+00   5.81226e+01   5.83333e+01
            26   2.60000e+01  -1.03495e+00   5.84575e+01   5.86667e+01
            27   2.70000e+01  -1.02643e+00   5.87922e+01   5.90000e+01
            28   2.80000e+01  -1.01921e+00   5.91267e+01   5.93333e+01
            29   2.90000e+01  -1.01276e+00   5.94610e+01   5.96667e+01
            30   3.00000e+01  -1.00709e+00   5.97952e+01   6.00000e+01
            31   3.10000e+01  -1.00173e+00   6.01293e+01   6.03333e+01
            32   3.20000e+01  -9.97090e-01   6.04632e+01   6.06667e+01
            33   3.30000e+01  -9.93146e-01   6.07971e+01   6.10000e+01
            34   3.40000e+01  -9.89591e-01   6.11308e+01   6.13333e+01
            35   3.50000e+01  -9.86272e-01   6.14645e+01   6.16667e+01
            36   3.60000e+01  -9.83426e-01   6.17981e+01   6.20000e+01
            37   3.70000e+01  -9.80819e-01   6.21317e+01   6.23333e+01
            38   3.80000e+01  -9.78546e-01   6.24651e+01   6.26667e+01
            39   3.90000e+01  -9.76531e-01   6.27986e+01   6.30000e+01
            40   4.00000e+01  -9.74771e-01   6.31320e+01   6.33333e+01
            41   4.10000e+01  -9.73068e-01   6.34653e+01   6.36667e+01
            42   4.20000e+01  -9.71496e-01   6.37987e+01   6.40000e+01
            43   4.30000e+01  -9.70026e-01   6.41320e+01   6.43333e+01
            44   4.40000e+01  -9.68771e-01   6.44653e+01   6.46667e+01
            45   4.50000e+01  -9.67669e-01   6.47985e+01   6.50000e+01
            46   4.60000e+01  -9.66667e-01   6.51318e+01   6.53333e+01
            47   4.70000e+01  -9.65788e-01   6.54650e+01   6.56667e+01
            48   4.80000e+01  -9.65017e-01   6.57982e+01   6.60000e+01
            49   4.90000e+01  -9.64241e-01   6.61314e+01   6.63333e+01
            50   5.00000e+01  -9.63565e-01   6.64645e+01   6.66667e+01
            51   5.10000e+01  -9.62902e-01   6.67977e+01   6.70000e+01
            52   5.20000e+01  -9.62254e-01   6.71309e+01   6.73333e+01
            53   5.30000e+01  -9.61596e-01   6.74640e+01   6.76667e+01
            54   5.40000e+01  -9.60953e-01   6.77972e+01   6.80000e+01
            55   5.50000e+01  -9.60305e-01   6.81303e+01   6.83333e+01
            56   5.60000e+01  -9.59650e-01   6.84635e+01   6.86667e+01
            57   5.70000e+01  -9.59107e-01   6.87966e+01   6.90000e+01
            58   5.80000e+01  -9.58814e-01   6.91297e+01   6.93333e+01
            59   5.90000e+01  -9.58575e-01   6.94628e+01   6.96667e+01
            60   6.00000e+01  -9.58511e-01   6.97958e+01   7.00000e+01
            61   6.10000e+01  -9.58347e-01   7.01289e+01   7.03333e+01
            62   6.20000e+01  -9.58200e-01   7.04620e+01   7.06667e+01
            63   6.30000e+01  -9.58073e-01   7.07950e+01   7.10000e+01
            64   6.40000e+01  -9.57979e-01   7.11281e+01   7.13333e+01
            65   6.50000e+01  -9.57897e-01   7.14611e+01   7.16667e+01
            66   6.60000e+01  -9.57830e-01   7.17941e+01   7.20000e+01
            67   6.70000e+01  -9.57821e-01   7.21272e+01   7.23333e+01
            68   6.80000e+01  -9.57929e-01   7.24602e+01   7.26667e+01
            69   6.90000e+01  -9.58014e-01   7.27932e+01   7.30000e+01
            70   7.00000e+01  -9.58153e-01   7.31262e+01   7.33333e+01
            71   7.10000e+01  -9.58299e-01   7.34592e+01   7.36667e+01
            72   7.20000e+01  -9.57718e-01   7.37923e+01   7.40000e+01
            73   7.30000e+01  -9.57569e-01   7.41254e+01   7.43333e+01
            74   7.40000e+01  -9.57520e-01   7.44584e+01   7.46667e+01
            75   7.50000e+01  -9.57524e-01   7.47914e+01   7.50000e+01
            76   7.60000e+01  -9.57459e-01   7.51245e+01   7.53333e+01
            77   7.70000e+01  -9.57429e-01   7.54575e+01   7.56667e+01
            78   7.80000e+01  -9.57402e-01   7.57905e+01   7.60000e+01
            79   7.90000e+01  -9.57371e-01   7.61236e+01   7.63333e+01
            80   8.00000e+01  -9.57347e-01   7.64566e+01   7.66667e+01
            81   8.10000e+01  -9.57304e-01   7.67896e+01   7.70000e+01
            82   8.20000e+01  -9.57268e-01   7.71227e+01   7.73333e+01
            83   8.30000e+01  -9.57245e-01   7.74557e+01   7.76667e+01
            84   8.40000e+01  -9.57168e-01   7.77887e+01   7.80000e+01
            85   8.50000e+01  -9.57141e-01   7.81217e+01   7.83333e+01
            86   8.60000e+01  -9.57206e-01   7.84548e+01   7.86667e+01
            87   8.70000e+01  -9.57327e-01   7.87878e+01   7.90000e+01
            88   8.80000e+01  -9.57427e-01   7.91208e+01   7.93333e+01
            89   8.90000e+01  -9.57501e-01   7.94538e+01   7.96667e+01
            90   9.00000e+01  -9.57568e-01   7.97868e+01   8.00000e+01
            91   9.10000e+01  -9.57628e-01   8.01198e+01   8.03333e+01
            92   9.20000e+01  -9.57674e-01   8.04528e+01   8.06667e+01
            93   9.30000e+01  -9.57749e-01   8.07858e+01   8.10000e+01
            94   9.40000e+01  -9.57828e-01   8.11188e+01   8.13333e+01
            95   9.50000e+01  -9.57908e-01   8.14518e+01   8.16667e+01
            96   9.60000e+01  -9.58040e-01   8.17848e+01   8.20000e+01
            97   9.70000e+01  -9.58162e-01   8.21178e+01   8.23333e+01
            98   9.80000e+01  -9.58302e-01   8.24508e+01   8.26667e+01
            99   9.90000e+01  -9.58451e-01   8.27838e+01   8.30000e+01
           100   1.00000e+02  -9.58637e-01   8.31168e+01   8.33333e+01
           101   1.01000e+02  -9.58821e-01   8.34497e+01   8.36667e+01
           102   1.02000e+02  -9.59010e-01   8.37827e+01   8.40000e+01
           103   1.03000e+02  -9.59200e-01   8.41157e+01   8.43333e+01
           104   1.04000e+02  -9.59412e-01   8.44487e+01   8.46667e+01
           105   1.05000e+02  -9.59611e-01   8.47816e+01   8.50000e+01
           106   1.06000e+02  -9.59799e-01   8.51146e+01   8.53333e+01
           107   1.07000e+02  -9.59973e-01   8.54476e+01   8.56667e+01
           108   1.08000e+02  -9.60119e-01   8.57806e+01   8.60000e+01
           109   1.09000e+02  -9.60269e-01   8.61136e+01   8.63333e+01
           110   1.10000e+02  -9.60432e-01   8.64466e+01   8.66667e+01
           111   1.11000e+02  -9.60618e-01   8.67795e+01   8.70000e+01
           112   1.12000e+02  -9.60717e-01   8.71125e+01   8.73333e+01
           113   1.13000e+02  -9.60863e-01   8.74455e+01   8.76667e+01
           114   1.14000e+02  -9.61161e-01   8.77785e+01   8.80000e+01
           115   1.15000e+02  -9.61565e-01   8.81114e+01   8.83333e+01
           116   1.16000e+02  -9.61271e-01   8.84445e+01   8.86667e+01
           117   1.17000e+02  -9.61184e-01   8.87775e+01   8.90000e+01
           118   1.18000e+02  -9.61308e-01   8.91105e+01   8.93333e+01
           119   1.19000e+02  -9.61463e-01   8.94435e+01   8.96667e+01
           120   1.20000e+02  -9.61690e-01   8.97765e+01   9.00000e+01
           121   1.21000e+02  -9.61864e-01   9.01095e+01   9.03333e+01
           122   1.22000e+02  -9.62041e-01   9.04425e+01   9.06667e+01
           123   1.23000e+02  -9.62203e-01   9.07755e+01   9.10000e+01
           124   1.24000e+02  -9.62739e-01   9.11084e+01   9.13333e+01
           125   1.25000e+02  -9.63166e-01   9.14413e+01   9.16667e+01
           126   1.26000e+02  -9.63437e-01   9.17742e+01   9.20000e+01
           127   1.27000e+02  -9.63555e-01   9.21072e+01   9.23333e+01
           128   1.28000e+02  -9.63666e-01   9.24402e+01   9.26667e+01
           129   1.29000e+02  -9.64180e-01   9.27731e+01   9.30000e+01
           130   1.30000e+02  -9.64749e-01   9.31060e+01   9.33333e+01
           131   1.31000e+02  -9.65303e-01   9.34389e+01   9.36667e+01
           132   1.32000e+02  -9.65655e-01   9.37719e+01   9.40000e+01
           133   1.33000e+02  -9.66054e-01   9.41048e+01   9.43333e+01
           134   1.34000e+02  -9.66452e-01   9.44377e+01   9.46667e+01
           135   1.35000e+02  -9.66850e-01   9.47707e+01   9.50000e+01
           136   1.36000e+02  -9.67186e-01   9.51036e+01   9.53333e+01
           137   1.37000e+02  -9.67526e-01   9.54365e+01   9.56667e+01
           138   1.38000e+02  -9.67852e-01   9.57695e+01   9.60000e+01
           139   1.39000e+02  -9.68189e-01   9.61024e+01   9.63333e+01
           140   1.40000e+02  -9.68443e-01   9.64354e+01   9.66667e+01
           141   1.41000e+02  -9.68675e-01   9.67684e+01   9.70000e+01
           142   1.42000e+02  -9.68826e-01   9.71014e+01   9.73333e+01
           143   1.43000e+02  -9.69010e-01   9.74343e+01   9.76667e+01
           144   1.44000e+02  -9.69137e-01   9.77673e+01   9.80000e+01
           145   1.45000e+02  -9.69297e-01   9.81003e+01   9.83333e+01
           146   1.46000e+02  -9.69483e-01   9.84333e+01   9.86667e+01
           147   1.47000e+02  -9.69685e-01   9.87663e+01   9.90000e+01
           148   1.48000e+02  -9.69923e-01   9.90993e+01   9.93333e+01
           149   1.49000e+02  -9.70155e-01   9.94322e+01   9.96667e+01
           150   1.50000e+02  -9.70384e-01   9.97652e+01   1.00000e+02
           151   1.51000e+02  -9.70613e-01   1.00098e+02   1.00333e+02
           152   1.52000e+02  -9.70894e-01   1.00431e+02   1.00667e+02
           153   1.53000e+02  -9.71166e-01   1.00764e+02   1.01000e+02
           154   1.54000e+02  -9.71446e-01   1.01097e+02   1.01333e+02
           155   1.55000e+02  -9.71728e-01   1.01430e+02   1.01667e+02
           156   1.56000e+02  -9.72019e-01   1.01763e+02   1.02000e+02
           157   1.57000e+02  -9.72302e-01   1.02096e+02   1.02333e+02
           158   1.58000e+02  -9.72573e-01   1.02429e+02   1.02667e+02
           159   1.59000e+02  -9.72829e-01   1.02762e+02   1.03000e+02
           160   1.60000e+02  -9.73060e-01   1.03095e+02   1.03333e+02
           161   1.61000e+02  -9.73300e-01   1.03428e+02   1.03667e+02
           162   1.62000e+02  -9.73551e-01   1.03761e+02   1.04000e+02
           163   1.63000e+02  -9.73806e-01   1.04094e+02   1.04333e+02
           164   1.64000e+02  -9.74037e-01   1.04427e+02   1.04667e+02
           165   1.65000e+02  -9.74289e-01   1.04760e+02   1.05000e+02
           166   1.66000e+02  -9.74540e-01   1.05093e+02   1.05333e+02
           167   1.67000e+02  -9.74776e-01   1.05426e+02   1.05667e+02
           168   1.68000e+02  -9.74987e-01   1.05759e+02   1.06000e+02
           169   1.69000e+02  -9.75193e-01   1.06092e+02   1.06333e+02
           170   1.70000e+02  -9.75406e-01   1.06424e+02   1.06667e+02
           171   1.71000e+02  -9.75600e-01   1.06757e+02   1.07000e+02
           172   1.72000e+02  -9.75809e-01   1.07090e+02   1.07333e+02
           173   1.73000e+02  -9.75986e-01   1.07423e+02   1.07667e+02
           174   1.74000e+02  -9.76337e-01   1.07756e+02   1.08000e+02
           175   1.75000e+02  -9.76734e-01   1.08089e+02   1.08333e+02
           176   1.76000e+02  -9.76888e-01   1.08422e+02   1.08667e+02
           177   1.77000e+02  -9.76961e-01   1.08755e+02   1.09000e+02
           178   1.78000e+02  -9.77063e-01   1.09088e+02   1.09333e+02
           179   1.79000e+02  -9.77248e-01   1.09421e+02   1.09667e+02
           180   1.80000e+02  -9.77657e-01   1.09754e+02   1.10000e+02
           181   1.81000e+02  -9.77961e-01   1.10087e+02   1.10333e+02
           182   1.82000e+02  -9.78230e-01   1.10420e+02   1.10667e+02
           183   1.83000e+02  -9.78496e-01   1.10753e+02   1.11000e+02
           184   1.84000e+02  -9.78746e-01   1.11086e+02   1.11333e+02
           185   1.85000e+02  -9.79015e-01   1.11419e+02   1.11667e+02
           186   1.86000e+02  -9.79278e-01   1.11752e+02   1.12000e+02
           187   1.87000e+02  -9.79529e-01   1.12085e+02   1.12333e+02
           188   1.88000e+02  -9.79760e-01   1.12418e+02   1.12667e+02
           189   1.89000e+02  -9.79985e-01   1.12751e+02   1.13000e+02
           190   1.90000e+02  -9.80215e-01   1.13084e+02   1.13333e+02
           191   1.91000e+02  -9.80459e-01   1.13417e+02   1.13667e+02
           192   1.92000e+02  -9.80716e-01   1.13750e+02   1.14000e+02
           193   1.93000e+02  -9.80990e-01   1.14083e+02   1.14333e+02
           194   1.94000e+02  -9.81263e-01   1.14416e+02   1.14667e+02
           195   1.95000e+02  -9.81539e-01   1.14749e+02   1.15000e+02
           196   1.96000e+02  -9.81860e-01   1.15082e+02   1.15333e+02
           197   1.97000e+02  -9.82140e-01   1.15415e+02   1.15667e+02
           198   1.98000e+02  -9.82414e-01   1.15748e+02   1.16000e+02
           199   1.99000e+02  -9.82687e-01   1.16080e+02   1.16333e+02
           200   2.00000e+02  -9.82928e-01   1.16413e+02   1.16667e+02
           201   2.01000e+02  -9.83202e-01   1.16746e+02   1.17000e+02
           202   2.02000e+02  -9.83490e-01   1.17079e+02   1.17333e+02
           203   2.03000e+02  -9.83771e-01   1.17412e+02   1.17667e+02
           204   2.04000e+02  -9.84023e-01   1.17745e+02   1.18000e+02
           205   2.05000e+02  -9.84260e-01   1.18078e+02   1.18333e+02
           206   2.06000e+02  -9.84501e-01   1.18411e+02   1.18667e+02
           207   2.07000e+02  -9.84746e-01   1.18744e+02   1.19000e+02
           208   2.08000e+02  -9.84976e-01   1.19077e+02   1.19333e+02
           209   2.09000e+02  -9.85221e-01   1.19410e+02   1.19667e+02
           210   2.10000e+02  -9.85458e-01   1.19743e+02   1.20000e+02
           211   2.11000e+02  -9.85692e-01   1.20076e+02   1.20333e+02
           212   2.12000e+02  -9.85968e-01   1.20409e+02   1.20667e+02
           213   2.13000e+02  -9.86213e-01   1.20742e+02   1.21000e+02
           214   2.14000e+02  -9.86448e-01   1.21075e+02   1.21333e+02
           215   2.15000e+02  -9.86690e-01   1.21408e+02   1.21667e+02
           216   2.16000e+02  -9.86955e-01   1.21741e+02   1.22000e+02
           217   2.17000e+02  -9.87240e-01   1.22074e+02   1.22333e+02
           218   2.18000e+02  -9.87531e-01   1.22407e+02   1.22667e+02
           219   2.19000e+02  -9.87823e-01   1.22740e+02   1.23000e+02
           220   2.20000e+02  -9.88150e-01   1.23073e+02   1.23333e+02
           221   2.21000e+02  -9.88439e-01   1.23406e+02   1.23667e+02
           222   2.22000e+02  -9.88721e-01   1.23739e+02   1.24000e+02
           223   2.23000e+02  -9.89000e-01   1.24072e+02   1.24333e+02
           224   2.24000e+02  -9.89222e-01   1.24405e+02   1.24667e+02
           225   2.25000e+02  -9.89464e-01   1.24738e+02   1.25000e+02
           226   2.26000e+02  -9.89706e-01   1.25071e+02   1.25333e+02
           227   2.27000e+02  -9.89948e-01   1.25403e+02   1.25667e+02
           228   2.28000e+02  -9.90193e-01   1.25736e+02   1.26000e+02
           229   2.29000e+02  -9.90462e-01   1.26069e+02   1.26333e+02
           230   2.30000e+02  -9.90744e-01   1.26402e+02   1.26667e+02
           231   2.31000e+02  -9.91024e-01   1.26735e+02   1.27000e+02
           232   2.32000e+02  -9.91301e-01   1.27068e+02   1.27333e+02
           233   2.33000e+02  -9.91552e-01   1.27401e+02   1.27667e+02
           234   2.34000e+02  -9.91803e-01   1.27734e+02   1.28000e+02
           235   2.35000e+02  -9.92062e-01   1.28067e+02   1.28333e+02
           236   2.36000e+02  -9.92285e-01   1.28400e+02   1.28667e+02
           237   2.37000e+02  -9.92518e-01   1.28733e+02   1.29000e+02
           238   2.38000e+02  -9.92743e-01   1.29066e+02   1.29333e+02
           239   2.39000e+02  -9.92957e-01   1.29399e+02   1.29667e+02
           240   2.40000e+02  -9.93183e-01   1.29732e+02   1.30000e+02
           241   2.41000e+02  -9.93404e-01   1.30065e+02   1.30333e+02
           242   2.42000e+02  -9.93617e-01   1.30398e+02   1.30667e+02
           243   2.43000e+02  -9.93819e-01   1.30731e+02   1.31000e+02
           244   2.44000e+02  -9.93984e-01   1.31064e+02   1.31333e+02
           245   2.45000e+02  -9.94172e-01   1.31397e+02   1.31667e+02
           246   2.46000e+02  -9.94380e-01   1.31730e+02   1.32000e+02
           247   2.47000e+02  -9.94599e-01   1.32063e+02   1.32333e+02
           248   2.48000e+02  -9.94809e-01   1.32396e+02   1.32667e+02
           249   2.49000e+02  -9.95014e-01   1.32729e+02   1.33000e+02
           250   2.50000e+02  -9.95226e-01   1.33062e+02   1.33333e+02
           251   2.51000e+02  -9.95450e-01   1.33395e+02   1.33667e+02
           252   2.52000e+02  -9.95708e-01   1.33728e+02   1.34000e+02
           253   2.53000e+02  -9.95961e-01   1.34061e+02   1.34333e+02
           254   2.54000e+02  -9.96218e-01   1.34394e+02   1.34667e+02
           255   2.55000e+02  -9.96481e-01   1.34727e+02   1.35000e+02
           256   2.56000e+02  -9.96821e-01   1.35060e+02   1.35333e+02
           257   2.57000e+02  -9.97149e-01   1.35393e+02   1.35667e+02
           258   2.58000e+02  -9.97460e-01   1.35726e+02   1.36000e+02
           259   2.59000e+02  -9.97758e-01   1.36058e+02   1.36333e+02
           260   2.60000e+02  -9.98112e-01   1.36391e+02   1.36667e+02
           261   2.61000e+02  -9.98462e-01   1.36724e+02   1.37000e+02
           262   2.62000e+02  -9.98800e-01   1.37057e+02   1.37333e+02
           263   2.63000e+02  -9.99095e-01   1.37390e+02   1.37667e+02
           264   2.64000e+02  -9.99528e-01   1.37723e+02   1.38000e+02
           265   2.65000e+02  -9.99913e-01   1.38056e+02   1.38333e+02
           266   2.66000e+02  -1.00030e+00   1.38389e+02   1.38667e+02
           267   2.67000e+02  -1.00069e+00   1.38722e+02   1.39000e+02
           268   2.68000e+02  -1.00105e+00   1.39055e+02   1.39333e+02
           269   2.69000e+02  -1.00141e+00   1.39388e+02   1.39667e+02
           270   2.70000e+02  -1.00178e+00   1.39721e+02   1.40000e+02
           271   2.71000e+02  -1.00216e+00   1.40054e+02   1.40333e+02
           272   2.72000e+02  -1.00253e+00   1.40387e+02   1.40667e+02
           273   2.73000e+02  -1.00290e+00   1.40720e+02   1.41000e+02
           274   2.74000e+02  -1.00329e+00   1.41052e+02   1.41333e+02
           275   2.75000e+02  -1.00368e+00   1.41385e+02   1.41667e+02
           276   2.76000e+02  -1.00408e+00   1.41718e+02   1.42000e+02
           277   2.77000e+02  -1.00431e+00   1.42051e+02   1.42333e+02
           278   2.78000e+02  -1.00445e+00   1.42384e+02   1.42667e+02
           279   2.79000e+02  -1.00459e+00   1.42717e+02   1.43000e+02
           280   2.80000e+02  -1.00485e+00   1.43050e+02   1.43333e+02
           281   2.81000e+02  -1.00508e+00   1.43383e+02   1.43667e+02
           282   2.82000e+02  -1.00530e+00   1.43716e+02   1.44000e+02
           283   2.83000e+02  -1.00552e+00   1.44049e+02   1.44333e+02
           284   2.84000e+02  -1.00578e+00   1.44382e+02   1.44667e+02
           285   2.85000e+02  -1.00607e+00   1.44715e+02   1.45000e+02
           286   2.86000e+02  -1.00636e+00   1.45048e+02   1.45333e+02
           287   2.87000e+02  -1.00665e+00   1.45381e+02   1.45667e+02
           288   2.88000e+02  -1.00698e+00   1.45714e+02   1.46000e+02
           289   2.89000e+02  -1.00729e+00   1.46047e+02   1.46333e+02
           290   2.90000e+02  -1.00762e+00   1.46380e+02   1.46667e+02
           291   2.91000e+02  -1.00794e+00   1.46713e+02   1.47000e+02
           292   2.92000e+02  -1.00824e+00   1.47046e+02   1.47333e+02
           293   2.93000e+02  -1.00863e+00   1.47379e+02   1.47667e+02
           294   2.94000e+02  -1.00919e+00   1.47712e+02   1.48000e+02
           295   2.95000e+02  -1.00977e+00   1.48044e+02   1.48333e+02
           296   2.96000e+02  -1.01012e+00   1.48377e+02   1.48667e+02
           297   2.97000e+02  -1.01048e+00   1.48710e+02   1.49000e+02
           298   2.98000e+02  -1.01087e+00   1.49043e+02   1.49333e+02
           299   2.99000e+02  -1.01120e+00   1.49376e+02   1.49667e+02
           300   3.00000e+02  -1.01151e+00   1.49709e+02   1.50000e+02
           301   3.01000e+02  -1.01176e+00   1.50042e+02   1.50333e+02
           302   3.02000e+02  -1.01187e+00   1.50375e+02   1.50667e+02
           303   3.03000e+02  -1.01194e+00   1.50708e+02   1.51000e+02
           304   3.04000e+02  -1.01226e+00   1.51041e+02   1.51333e+02
           305   3.05000e+02  -1.01284e+00   1.51374e+02   1.51667e+02
           306   3.06000e+02  -1.01333e+00   1.51707e+02   1.52000e+02
           307   3.07000e+02  -1.01384e+00   1.52040e+02   1.52333e+02
           308   3.08000e+02  -1.01413e+00   1.52373e+02   1.52667e+02
           309   3.09000e+02  -1.01442e+00   1.52706e+02   1.53000e+02
           310   3.10000e+02  -1.01471e+00   1.53039e+02   1.53333e+02
           311   3.11000e+02  -1.01498e+00   1.53372e+02   1.53667e+02
           312   3.12000e+02  -1.01519e+00   1.53705e+02   1.54000e+02
           313   3.13000e+02  -1.01545e+00   1.54037e+02   1.54333e+02
           314   3.14000e+02  -1.01590e+00   1.54370e+02   1.54667e+02
           315   3.15000e+02  -1.01640e+00   1.54703e+02   1.55000e+02
           316   3.16000e+02  -1.01692e+00   1.55036e+02   1.55333e+02
           317   3.17000e+02  -1.01742e+00   1.55369e+02   1.55667e+02
           318   3.18000e+02  -1.01791e+00   1.55702e+02   1.56000e+02
           319   3.19000e+02  -1.01838e+00   1.56035e+02   1.56333e+02
           320   3.20000e+02  -1.05217e+00   1.56358e+02   1.56667e+02
           321   3.21000e+02  -1.18355e+00   1.56652e+02   1.57000e+02
           322   3.22000e+02  -1.44618e+00   1.56908e+02   1.57333e+02
           323   3.23000e+02  -1.77933e+00   1.57143e+02   1.57667e+02
           324   3.24000e+02  -2.19192e+00   1.57354e+02   1.58000e+02
           325   3.25000e+02  -2.62834e+00   1.57558e+02   1.58333e+02
           326   3.26000e+02  -3.11355e+00   1.57748e+02   1.58667e+02
           327   3.27000e+02  -3.64670e+00   1.57923e+02   1.59000e+02
           328   3.28000e+02  -4.30002e+00   1.58062e+02   1.59333e+02
           329   3.29000e+02  -4.80353e+00   1.58245e+02   1.59667e+02
           330   3.30000e+02  -4.58370e+00   1.58642e+02   1.60000e+02
           331   3.31000e+02  -3.73404e+00   1.59226e+02   1.60333e+02
           332   3.32000e+02  -2.87166e+00   1.59814e+02   1.60667e+02
           333   3.33000e+02  -2.26037e+00   1.60328e+02   1.61000e+02
           334   3.34000e+02  -1.85857e+00   1.60781e+02   1.61333e+02
           335   3.35000e+02  -1.56342e+00   1.61201e+02   1.61667e+02
           336   3.36000e+02  -1.41644e+00   1.61578e+02   1.62000e+02
           337   3.37000e+02  -1.30640e+00   1.61944e+02   1.62333e+02
           338   3.38000e+02  -1.22775e+00   1.62300e+02   1.62667e+02
           339   3.39000e+02  -1.16596e+00   1.62652e+02   1.63000e+02
           340   3.40000e+02  -1.13039e+00   1.62995e+02   1.63333e+02
           341   3.41000e+02  -1.10262e+00   1.63337e+02   1.63667e+02
           342   3.42000e+02  -1.08180e+00   1.63676e+02   1.64000e+02
           343   3.43000e+02  -1.06477e+00   1.64014e+02   1.64333e+02
           344   3.44000e+02  -1.05428e+00   1.64350e+02   1.64667e+02
           345   3.45000e+02  -1.04610e+00   1.64686e+02   1.65000e+02
           346   3.46000e+02  -1.04004e+00   1.65020e+02   1.65333e+02
           347   3.47000e+02  -1.03507e+00   1.65355e+02   1.65667e+02
           348   3.48000e+02  -1.03200e+00   1.65689e+02   1.66000e+02
           349   3.49000e+02  -1.02926e+00   1.66023e+02   1.66333e+02
           350   3.50000e+02  -1.02730e+00   1.66357e+02   1.66667e+02
           351   3.51000e+02  -1.02591e+00   1.66690e+02   1.67000e+02
           352   3.52000e+02  -1.02495e+00   1.67023e+02   1.67333e+02
           353   3.53000e+02  -1.02406e+00   1.67357e+02   1.67667e+02
           354   3.54000e+02  -1.02342e+00   1.67690e+02   1.68000e+02
           355   3.55000e+02  -1.02320e+00   1.68023e+02   1.68333e+02
           356   3.56000e+02  -1.02336e+00   1.68356e+02   1.68667e+02
           357   3.57000e+02  -1.02361e+00   1.68689e+02   1.69000e+02
           358   3.58000e+02  -1.02382e+00   1.69022e+02   1.69333e+02
           359   3.59000e+02  -1.02400e+00   1.69355e+02   1.69667e+02
           360   3.60000e+02  -1.02417e+00   1.69688e+02   1.70000e+02
           361   3.61000e+02  -1.02435e+00   1.70021e+02   1.70333e+02
           362   3.62000e+02  -1.02454e+00   1.70354e+02   1.70667e+02
           363   3.63000e+02  -1.02474e+00   1.70687e+02   1.71000e+02
           364   3.64000e+02  -1.02497e+00   1.71020e+02   1.71333e+02
           365   3.65000e+02  -1.02520e+00   1.71353e+02   1.71667e+02
           366   3.66000e+02  -1.02549e+00   1.71686e+02   1.72000e+02
           367   3.67000e+02  -1.02581e+00   1.72019e+02   1.72333e+02
           368   3.68000e+02  -1.02628e+00   1.72352e+02   1.72667e+02
           369   3.69000e+02  -1.02668e+00   1.72685e+02   1.73000e+02
           370   3.70000e+02  -1.02707e+00   1.73017e+02   1.73333e+02
           371   3.71000e+02  -1.02747e+00   1.73350e+02   1.73667e+02
           372   3.72000e+02  -1.02787e+00   1.73683e+02   1.74000e+02
           373   3.73000e+02  -1.02826e+00   1.74016e+02   1.74333e+02
           374   3.74000e+02  -1.02863e+00   1.74349e+02   1.74667e+02
           375   3.75000e+02  -1.02899e+00   1.74682e+02   1.75000e+02
           376   3.76000e+02  -1.02935e+00   1.75015e+02   1.75333e+02
           377   3.77000e+02  -1.02969e+00   1.75348e+02   1.75667e+02
           378   3.78000e+02  -1.03002e+00   1.75681e+02   1.76000e+02
           379   3.79000e+02  -1.03033e+00   1.76014e+02   1.76333e+02
           380   3.80000e+02  -1.03061e+00   1.76347e+02   1.76667e+02
           381   3.81000e+02  -1.03089e+00   1.76680e+02   1.77000e+02
           382   3.82000e+02  -1.03115e+00   1.77013e+02   1.77333e+02
           383   3.83000e+02  -1.03139e+00   1.77346e+02   1.77667e+02
           384   3.84000e+02  -1.03160e+00   1.77679e+02   1.78000e+02
           385   3.85000e+02  -1.03182e+00   1.78012e+02   1.78333e+02
           386   3.86000e+02  -1.03197e+00   1.78345e+02   1.78667e+02
           387   3.87000e+02  -1.03192e+00   1.78678e+02   1.79000e+02
           388   3.88000e+02  -1.03184e+00   1.79011e+02   1.79333e+02
           389   3.89000e+02  -1.03197e+00   1.79344e+02   1.79667e+02
           390   3.90000e+02  -1.03229e+00   1.79677e+02   1.80000e+02
           391   3.91000e+02  -1.03258e+00   1.80010e+02   1.80333e+02
           392   3.92000e+02  -1.03293e+00   1.80343e+02   1.80667e+02
           393   3.93000e+02  -1.03319e+00   1.80676e+02   1.81000e+02
           394   3.94000e+02  -1.03351e+00   1.81009e+02   1.81333e+02
           395   3.95000e+02  -1.03397e+00   1.81342e+02   1.81667e+02
           396   3.96000e+02  -1.03438e+00   1.81674e+02   1.82000e+02
           397   3.97000e+02  -1.03477e+00   1.82007e+02   1.82333e+02
           398   3.98000e+02  -1.03504e+00   1.82340e+02   1.82667e+02
           399   3.99000e+02  -1.03522e+00   1.82673e+02   1.83000e+02
           400   4.00000e+02  -1.03540e+00   1.83006e+02   1.83333e+02
           401   4.01000e+02  -1.03559e+00   1.83339e+02   1.83667e+02
           402   4.02000e+02  -1.03580e+00   1.83672e+02   1.84000e+02
           403   4.03000e+02  -1.03600e+00   1.84005e+02   1.84333e+02
           404   4.04000e+02  -1.03621e+00   1.84338e+02   1.84667e+02
           405   4.05000e+02  -1.03644e+00   1.84671e+02   1.85000e+02
           406   4.06000e+02  -1.03670e+00   1.85004e+02   1.85333e+02
           407   4.07000e+02  -1.03697e+00   1.85337e+02   1.85667e+02
           408   4.08000e+02  -1.03728e+00   1.85670e+02   1.86000e+02
           409   4.09000e+02  -1.03759e+00   1.86003e+02   1.86333e+02
           410   4.10000e+02  -1.03795e+00   1.86336e+02   1.86667e+02
           411   4.11000e+02  -1.03836e+00   1.86669e+02   1.87000e+02
           412   4.12000e+02  -1.03960e+00   1.87002e+02   1.87333e+02
           413   4.13000e+02  -1.04050e+00   1.87334e+02   1.87667e+02
           414   4.14000e+02  -1.04065e+00   1.87667e+02   1.88000e+02
           415   4.15000e+02  -1.04062e+00   1.88000e+02   1.88333e+02
           416   4.16000e+02  -1.04052e+00   1.88333e+02   1.88667e+02
           417   4.17000e+02  -1.04044e+00   1.88667e+02   1.89000e+02
           418   4.18000e+02  -1.04051e+00   1.89000e+02   1.89333e+02
           419   4.19000e+02  -1.04067e+00   1.89333e+02   1.89667e+02
           420   4.20000e+02  -1.04079e+00   1.89666e+02   1.90000e+02
!&INDIUM
