         Index             t Heat Flow ...            Ts            Tr
           [#]           [s]       [Wg^-1]          [°C]          [°C]
             0   0.00000e+00   1.87853e-02   5.00013e+01   5.00000e+01
             1   1.00000e+00   2.16819e-02   5.03348e+01   5.03333e+01
             2   2.00000e+00  -1.66284e-02   5.06655e+01   5.06667e+01
             3   3.00000e+00  -1.05025e-01   5.09928e+01   5.10000e+01
             4   4.00000e+00  -2.65016e-01   5.13152e+01   5.13333e+01
             5   5.00000e+00  -4.11190e-01   5.16384e+01   5.16667e+01
             6   6.00000e+00  -5.26914e-01   5.19638e+01   5.20000e+01
             7   7.00000e+00  -6.19960e-01   5.22906e+01   5.23333e+01
             8   8.00000e+00  -6.74491e-01   5.26201e+01   5.26667e+01
             9   9.00000e+00  -7.19464e-01   5.29503e+01   5.30000e+01
            10   1.00000e+01  -7.56549e-01   5.32810e+01   5.33333e+01
            11   1.10000e+01  -7.89278e-01   5.36119e+01   5.36667e+01
            12   1.20000e+01  -8.13655e-01   5.39435e+01   5.40000e+01
            13   1.30000e+01  -8.34136e-01   5.42753e+01   5.43333e+01
            14   1.40000e+01  -8.50840e-01   5.46074e+01   5.46667e+01
            15   1.50000e+01  -8.65370e-01   5.49396e+01   5.50000e+01
            16   1.60000e+01  -8.76080e-01   5.52721e+01   5.53333e+01
            17   1.70000e+01  -8.85241e-01   5.56047e+01   5.56667e+01
            18   1.80000e+01  -8.93361e-01   5.59374e+01   5.60000e+01
            19   1.90000e+01  -9.00693e-01   5.62701e+01   5.63333e+01
            20   2.00000e+01  -9.06612e-01   5.66029e+01   5.66667e+01
            21   2.10000e+01  -9.12186e-01   5.69357e+01   5.70000e+01
            22   2.20000e+01  -9.17152e-01   5.72686e+01   5.73333e+01
            23   2.30000e+01  -9.21660e-01   5.76015e+01   5.76667e+01
            24   2.40000e+01  -9.25815e-01   5.79345e+01   5.80000e+01
            25   2.50000e+01  -9.29519e-01   5.82674e+01   5.83333e+01
            26   2.60000e+01  -9.32706e-01   5.86004e+01   5.86667e+01
            27   2.70000e+01  -9.35666e-01   5.89334e+01   5.90000e+01
            28   2.80000e+01  -9.38359e-01   5.92665e+01   5.93333e+01
            29   2.90000e+01  -9.41177e-01   5.95995e+01   5.96667e+01
            30   3.00000e+01  -9.43918e-01   5.99325e+01   6.00000e+01
            31   3.10000e+01  -9.46579e-01   6.02656e+01   6.03333e+01
            32   3.20000e+01  -9.49013e-01   6.05986e+01   6.06667e+01
            33   3.30000e+01  -9.51468e-01   6.09317e+01   6.10000e+01
            34   3.40000e+01  -9.53882e-01   6.12647e+01   6.13333e+01
            35   3.50000e+01  -9.56329e-01   6.15978e+01   6.16667e+01
            36   3.60000e+01  -9.58262e-01   6.19309e+01   6.20000e+01
            37   3.70000e+01  -9.60245e-01   6.22639e+01   6.23333e+01
            38   3.80000e+01  -9.62162e-01   6.25970e+01   6.26667e+01
            39   3.90000e+01  -9.64045e-01   6.29301e+01   6.30000e+01
            40   4.00000e+01  -9.65688e-01   6.32632e+01   6.33333e+01
            41   4.10000e+01  -9.67350e-01   6.35963e+01   6.36667e+01
            42   4.20000e+01  -9.68990e-01   6.39294e+01   6.40000e+01
            43   4.30000e+01  -9.70603e-01   6.42625e+01   6.43333e+01
            44   4.40000e+01  -9.72080e-01   6.45957e+01   6.46667e+01
            45   4.50000e+01  -9.73666e-01   6.49288e+01   6.50000e+01
            46   4.60000e+01  -9.75281e-01   6.52619e+01   6.53333e+01
            47   4.70000e+01  -9.76893e-01   6.55950e+01   6.56667e+01
            48   4.80000e+01  -9.78545e-01   6.59281e+01   6.60000e+01
            49   4.90000e+01  -9.80166e-01   6.62612e+01   6.63333e+01
            50   5.00000e+01  -9.81742e-01   6.65943e+01   6.66667e+01
            51   5.10000e+01  -9.83285e-01   6.69274e+01   6.70000e+01
            52   5.20000e+01  -9.84740e-01   6.72605e+01   6.73333e+01
            53   5.30000e+01  -9.86248e-01   6.75936e+01   6.76667e+01
            54   5.40000e+01  -9.87788e-01   6.79267e+01   6.80000e+01
            55   5.50000e+01  -9.89335e-01   6.82598e+01   6.83333e+01
            56   5.60000e+01  -9.90833e-01   6.85929e+01   6.86667e+01
            57   5.70000e+01  -9.92341e-01   6.89261e+01   6.90000e+01
            58   5.80000e+01  -9.93834e-01   6.92592e+01   6.93333e+01
            59   5.90000e+01  -9.95309e-01   6.95923e+01   6.96667e+01
            60   6.00000e+01  -9.96686e-01   6.99254e+01   7.00000e+01
            61   6.10000e+01  -9.98030e-01   7.02585e+01   7.03333e+01
            62   6.20000e+01  -9.99338e-01   7.05916e+01   7.06667e+01
            63   6.30000e+01  -1.00060e+00   7.09248e+01   7.10000e+01
            64   6.40000e+01  -1.00167e+00   7.12579e+01   7.13333e+01
            65   6.50000e+01  -1.00281e+00   7.15910e+01   7.16667e+01
            66   6.60000e+01  -1.00396e+00   7.19242e+01   7.20000e+01
            67   6.70000e+01  -1.00509e+00   7.22573e+01   7.23333e+01
            68   6.80000e+01  -1.00617e+00   7.25904e+01   7.26667e+01
            69   6.90000e+01  -1.00726e+00   7.29236e+01   7.30000e+01
            70   7.00000e+01  -1.00836e+00   7.32567e+01   7.33333e+01
            71   7.10000e+01  -1.00948e+00   7.35898e+01   7.36667e+01
            72   7.20000e+01  -1.01064e+00   7.39230e+01   7.40000e+01
            73   7.30000e+01  -1.01182e+00   7.42561e+01   7.43333e+01
            74   7.40000e+01  -1.01301e+00   7.45892e+01   7.46667e+01
            75   7.50000e+01  -1.01419e+00   7.49224e+01   7.50000e+01
            76   7.60000e+01  -1.01542e+00   7.52555e+01   7.53333e+01
            77   7.70000e+01  -1.01662e+00   7.55886e+01   7.56667e+01
            78   7.80000e+01  -1.01779e+00   7.59217e+01   7.60000e+01
            79   7.90000e+01  -1.01894e+00   7.62549e+01   7.63333e+01
            80   8.00000e+01  -1.02002e+00   7.65880e+01   7.66667e+01
            81   8.10000e+01  -1.02112e+00   7.69211e+01   7.70000e+01
            82   8.20000e+01  -1.02220e+00   7.72543e+01   7.73333e+01
            83   8.30000e+01  -1.02327e+00   7.75874e+01   7.76667e+01
            84   8.40000e+01  -1.02427e+00   7.79205e+01   7.80000e+01
            85   8.50000e+01  -1.02527e+00   7.82537e+01   7.83333e+01
            86   8.60000e+01  -1.02629e+00   7.85868e+01   7.86667e+01
            87   8.70000e+01  -1.02732e+00   7.89200e+01   7.90000e+01
            88   8.80000e+01  -1.02828e+00   7.92531e+01   7.93333e+01
            89   8.90000e+01  -1.02929e+00   7.95862e+01   7.96667e+01
            90   9.00000e+01  -1.03031e+00   7.99194e+01   8.00000e+01
            91   9.10000e+01  -1.03136e+00   8.02525e+01   8.03333e+01
            92   9.20000e+01  -1.03243e+00   8.05856e+01   8.06667e+01
            93   9.30000e+01  -1.03350e+00   8.09188e+01   8.10000e+01
            94   9.40000e+01  -1.03457e+00   8.12519e+01   8.13333e+01
            95   9.50000e+01  -1.03565e+00   8.15850e+01   8.16667e+01
            96   9.60000e+01  -1.03680e+00   8.19182e+01   8.20000e+01
            97   9.70000e+01  -1.03791e+00   8.22513e+01   8.23333e+01
            98   9.80000e+01  -1.03898e+00   8.25844e+01   8.26667e+01
            99   9.90000e+01  -1.04005e+00   8.29175e+01   8.30000e+01
           100   1.00000e+02  -1.04120e+00   8.32507e+01   8.33333e+01
           101   1.01000e+02  -1.04234e+00   8.35838e+01   8.36667e+01
           102   1.02000e+02  -1.04346e+00   8.39169e+01   8.40000e+01
           103   1.03000e+02  -1.04458e+00   8.42500e+01   8.43333e+01
           104   1.04000e+02  -1.04576e+00   8.45832e+01   8.46667e+01
           105   1.05000e+02  -1.04692e+00   8.49163e+01   8.50000e+01
           106   1.06000e+02  -1.04806e+00   8.52494e+01   8.53333e+01
           107   1.07000e+02  -1.04919e+00   8.55825e+01   8.56667e+01
           108   1.08000e+02  -1.05030e+00   8.59156e+01   8.60000e+01
           109   1.09000e+02  -1.05144e+00   8.62488e+01   8.63333e+01
           110   1.10000e+02  -1.05257e+00   8.65819e+01   8.66667e+01
           111   1.11000e+02  -1.05371e+00   8.69150e+01   8.70000e+01
           112   1.12000e+02  -1.05486e+00   8.72481e+01   8.73333e+01
           113   1.13000e+02  -1.05603e+00   8.75813e+01   8.76667e+01
           114   1.14000e+02  -1.05722e+00   8.79144e+01   8.80000e+01
           115   1.15000e+02  -1.05844e+00   8.82475e+01   8.83333e+01
           116   1.16000e+02  -1.05977e+00   8.85806e+01   8.86667e+01
           117   1.17000e+02  -1.06109e+00   8.89137e+01   8.90000e+01
           118   1.18000e+02  -1.06244e+00   8.92468e+01   8.93333e+01
           119   1.19000e+02  -1.06381e+00   8.95799e+01   8.96667e+01
           120   1.20000e+02  -1.06524e+00   8.99130e+01   9.00000e+01
           121   1.21000e+02  -1.06661e+00   9.02461e+01   9.03333e+01
           122   1.22000e+02  -1.06798e+00   9.05792e+01   9.06667e+01
           123   1.23000e+02  -1.06936e+00   9.09123e+01   9.10000e+01
           124   1.24000e+02  -1.07070e+00   9.12454e+01   9.13333e+01
           125   1.25000e+02  -1.07201e+00   9.15785e+01   9.16667e+01
           126   1.26000e+02  -1.07331e+00   9.19116e+01   9.20000e+01
           127   1.27000e+02  -1.07460e+00   9.22447e+01   9.23333e+01
           128   1.28000e+02  -1.07582e+00   9.25778e+01   9.26667e+01
           129   1.29000e+02  -1.07702e+00   9.29109e+01   9.30000e+01
           130   1.30000e+02  -1.07821e+00   9.32441e+01   9.33333e+01
           131   1.31000e+02  -1.07937e+00   9.35772e+01   9.36667e+01
           132   1.32000e+02  -1.08034e+00   9.39103e+01   9.40000e+01
           133   1.33000e+02  -1.08134e+00   9.42434e+01   9.43333e+01
           134   1.34000e+02  -1.08230e+00   9.45766e+01   9.46667e+01
           135   1.35000e+02  -1.08322e+00   9.49097e+01   9.50000e+01
           136   1.36000e+02  -1.08391e+00   9.52429e+01   9.53333e+01
           137   1.37000e+02  -1.08466e+00   9.55760e+01   9.56667e+01
           138   1.38000e+02  -1.08540e+00   9.59092e+01   9.60000e+01
           139   1.39000e+02  -1.08613e+00   9.62423e+01   9.63333e+01
           140   1.40000e+02  -1.08674e+00   9.65755e+01   9.66667e+01
           141   1.41000e+02  -1.08745e+00   9.69086e+01   9.70000e+01
           142   1.42000e+02  -1.08820e+00   9.72418e+01   9.73333e+01
           143   1.43000e+02  -1.08894e+00   9.75749e+01   9.76667e+01
           144   1.44000e+02  -1.08971e+00   9.79081e+01   9.80000e+01
           145   1.45000e+02  -1.09045e+00   9.82412e+01   9.83333e+01
           146   1.46000e+02  -1.09120e+00   9.85744e+01   9.86667e+01
           147   1.47000e+02  -1.09197e+00   9.89075e+01   9.90000e+01
           148   1.48000e+02  -1.09273e+00   9.92407e+01   9.93333e+01
           149   1.49000e+02  -1.09350e+00   9.95738e+01   9.96667e+01
           150   1.50000e+02  -1.09429e+00   9.99069e+01   1.00000e+02
           151   1.51000e+02  -1.09509e+00   1.00240e+02   1.00333e+02
           152   1.52000e+02  -1.09596e+00   1.00573e+02   1.00667e+02
           153   1.53000e+02  -1.09679e+00   1.00906e+02   1.01000e+02
           154   1.54000e+02  -1.09761e+00   1.01240e+02   1.01333e+02
           155   1.55000e+02  -1.09845e+00   1.01573e+02   1.01667e+02
           156   1.56000e+02  -1.09936e+00   1.01906e+02   1.02000e+02
           157   1.57000e+02  -1.10023e+00   1.02239e+02   1.02333e+02
           158   1.58000e+02  -1.10108e+00   1.02572e+02   1.02667e+02
           159   1.59000e+02  -1.10193e+00   1.02905e+02   1.03000e+02
           160   1.60000e+02  -1.10279e+00   1.03238e+02   1.03333e+02
           161   1.61000e+02  -1.10363e+00   1.03571e+02   1.03667e+02
           162   1.62000e+02  -1.10444e+00   1.03905e+02   1.04000e+02
           163   1.63000e+02  -1.10524e+00   1.04238e+02   1.04333e+02
           164   1.64000e+02  -1.10606e+00   1.04571e+02   1.04667e+02
           165   1.65000e+02  -1.10690e+00   1.04904e+02   1.05000e+02
           166   1.66000e+02  -1.10774e+00   1.05237e+02   1.05333e+02
           167   1.67000e+02  -1.10859e+00   1.05570e+02   1.05667e+02
           168   1.68000e+02  -1.10951e+00   1.05903e+02   1.06000e+02
           169   1.69000e+02  -1.11044e+00   1.06237e+02   1.06333e+02
           170   1.70000e+02  -1.11138e+00   1.06570e+02   1.06667e+02
           171   1.71000e+02  -1.11231e+00   1.06903e+02   1.07000e+02
           172   1.72000e+02  -1.11326e+00   1.07236e+02   1.07333e+02
           173   1.73000e+02  -1.11421e+00   1.07569e+02   1.07667e+02
           174   1.74000e+02  -1.11517e+00   1.07902e+02   1.08000e+02
           175   1.75000e+02  -1.11613e+00   1.08235e+02   1.08333e+02
           176   1.76000e+02  -1.11713e+00   1.08568e+02   1.08667e+02
           177   1.77000e+02  -1.11812e+00   1.08902e+02   1.09000e+02
           178   1.78000e+02  -1.11911e+00   1.09235e+02   1.09333e+02
           179   1.79000e+02  -1.12010e+00   1.09568e+02   1.09667e+02
           180   1.80000e+02  -1.12119e+00   1.09901e+02   1.10000e+02
           181   1.81000e+02  -1.12228e+00   1.10234e+02   1.10333e+02
           182   1.82000e+02  -1.12339e+00   1.10567e+02   1.10667e+02
           183   1.83000e+02  -1.12451e+00   1.10900e+02   1.11000e+02
           184   1.84000e+02  -1.12573e+00   1.11233e+02   1.11333e+02
           185   1.85000e+02  -1.12694e+00   1.11566e+02   1.11667e+02
           186   1.86000e+02  -1.12819e+00   1.11900e+02   1.12000e+02
           187   1.87000e+02  -1.12946e+00   1.12233e+02   1.12333e+02
           188   1.88000e+02  -1.13080e+00   1.12566e+02   1.12667e+02
           189   1.89000e+02  -1.13213e+00   1.12899e+02   1.13000e+02
           190   1.90000e+02  -1.13347e+00   1.13232e+02   1.13333e+02
           191   1.91000e+02  -1.13482e+00   1.13565e+02   1.13667e+02
           192   1.92000e+02  -1.13621e+00   1.13898e+02   1.14000e+02
           193   1.93000e+02  -1.13757e+00   1.14231e+02   1.14333e+02
           194   1.94000e+02  -1.13895e+00   1.14564e+02   1.14667e+02
           195   1.95000e+02  -1.14036e+00   1.14897e+02   1.15000e+02
           196   1.96000e+02  -1.14179e+00   1.15230e+02   1.15333e+02
           197   1.97000e+02  -1.14319e+00   1.15564e+02   1.15667e+02
           198   1.98000e+02  -1.14459e+00   1.15897e+02   1.16000e+02
           199   1.99000e+02  -1.14600e+00   1.16230e+02   1.16333e+02
           200   2.00000e+02  -1.14750e+00   1.16563e+02   1.16667e+02
           201   2.01000e+02  -1.14905e+00   1.16896e+02   1.17000e+02
           202   2.02000e+02  -1.15063e+00   1.17229e+02   1.17333e+02
           203   2.03000e+02  -1.15222e+00   1.17562e+02   1.17667e+02
           204   2.04000e+02  -1.15389e+00   1.17895e+02   1.18000e+02
           205   2.05000e+02  -1.15545e+00   1.18228e+02   1.18333e+02
           206   2.06000e+02  -1.15694e+00   1.18561e+02   1.18667e+02
           207   2.07000e+02  -1.15841e+00   1.18894e+02   1.19000e+02
           208   2.08000e+02  -1.15974e+00   1.19227e+02   1.19333e+02
           209   2.09000e+02  -1.16110e+00   1.19560e+02   1.19667e+02
           210   2.10000e+02  -1.16246e+00   1.19894e+02   1.20000e+02
           211   2.11000e+02  -1.16380e+00   1.20227e+02   1.20333e+02
           212   2.12000e+02  -1.16511e+00   1.20560e+02   1.20667e+02
           213   2.13000e+02  -1.16645e+00   1.20893e+02   1.21000e+02
           214   2.14000e+02  -1.16782e+00   1.21226e+02   1.21333e+02
           215   2.15000e+02  -1.16919e+00   1.21559e+02   1.21667e+02
           216   2.16000e+02  -1.17062e+00   1.21892e+02   1.22000e+02
           217   2.17000e+02  -1.17205e+00   1.22225e+02   1.22333e+02
           218   2.18000e+02  -1.17346e+00   1.22558e+02   1.22667e+02
           219   2.19000e+02  -1.17487e+00   1.22891e+02   1.23000e+02
           220   2.20000e+02  -1.17632e+00   1.23224e+02   1.23333e+02
           221   2.21000e+02  -1.17776e+00   1.23557e+02   1.23667e+02
           222   2.22000e+02  -1.17927e+00   1.23890e+02   1.24000e+02
           223   2.23000e+02  -1.18084e+00   1.24224e+02   1.24333e+02
           224   2.24000e+02  -1.18248e+00   1.24557e+02   1.24667e+02
           225   2.25000e+02  -1.18410e+00   1.24890e+02   1.25000e+02
           226   2.26000e+02  -1.18568e+00   1.25223e+02   1.25333e+02
           227   2.27000e+02  -1.18724e+00   1.25556e+02   1.25667e+02
           228   2.28000e+02  -1.18880e+00   1.25889e+02   1.26000e+02
           229   2.29000e+02  -1.19029e+00   1.26222e+02   1.26333e+02
           230   2.30000e+02  -1.19175e+00   1.26555e+02   1.26667e+02
           231   2.31000e+02  -1.19318e+00   1.26888e+02   1.27000e+02
           232   2.32000e+02  -1.19448e+00   1.27221e+02   1.27333e+02
           233   2.33000e+02  -1.19592e+00   1.27554e+02   1.27667e+02
           234   2.34000e+02  -1.19742e+00   1.27887e+02   1.28000e+02
           235   2.35000e+02  -1.19895e+00   1.28220e+02   1.28333e+02
           236   2.36000e+02  -1.20053e+00   1.28553e+02   1.28667e+02
           237   2.37000e+02  -1.20205e+00   1.28886e+02   1.29000e+02
           238   2.38000e+02  -1.20353e+00   1.29219e+02   1.29333e+02
           239   2.39000e+02  -1.20498e+00   1.29553e+02   1.29667e+02
           240   2.40000e+02  -1.20627e+00   1.29886e+02   1.30000e+02
           241   2.41000e+02  -1.20755e+00   1.30219e+02   1.30333e+02
           242   2.42000e+02  -1.20880e+00   1.30552e+02   1.30667e+02
           243   2.43000e+02  -1.21004e+00   1.30885e+02   1.31000e+02
           244   2.44000e+02  -1.21112e+00   1.31218e+02   1.31333e+02
           245   2.45000e+02  -1.21235e+00   1.31551e+02   1.31667e+02
           246   2.46000e+02  -1.21361e+00   1.31884e+02   1.32000e+02
           247   2.47000e+02  -1.21489e+00   1.32217e+02   1.32333e+02
           248   2.48000e+02  -1.21622e+00   1.32550e+02   1.32667e+02
           249   2.49000e+02  -1.21752e+00   1.32883e+02   1.33000e+02
           250   2.50000e+02  -1.21885e+00   1.33216e+02   1.33333e+02
           251   2.51000e+02  -1.22018e+00   1.33550e+02   1.33667e+02
           252   2.52000e+02  -1.22145e+00   1.33883e+02   1.34000e+02
           253   2.53000e+02  -1.22273e+00   1.34216e+02   1.34333e+02
           254   2.54000e+02  -1.22401e+00   1.34549e+02   1.34667e+02
           255   2.55000e+02  -1.22529e+00   1.34882e+02   1.35000e+02
           256   2.56000e+02  -1.22658e+00   1.35215e+02   1.35333e+02
           257   2.57000e+02  -1.22790e+00   1.35548e+02   1.35667e+02
           258   2.58000e+02  -1.22924e+00   1.35881e+02   1.36000e+02
           259   2.59000e+02  -1.23060e+00   1.36214e+02   1.36333e+02
           260   2.60000e+02  -1.23207e+00   1.36547e+02   1.36667e+02
           261   2.61000e+02  -1.23355e+00   1.36880e+02   1.37000e+02
           262   2.62000e+02  -1.23507e+00   1.37213e+02   1.37333e+02
           263   2.63000e+02  -1.23661e+00   1.37546e+02   1.37667e+02
           264   2.64000e+02  -1.23823e+00   1.37879e+02   1.38000e+02
           265   2.65000e+02  -1.23981e+00   1.38213e+02   1.38333e+02
           266   2.66000e+02  -1.24138e+00   1.38546e+02   1.38667e+02
           267   2.67000e+02  -1.24293e+00   1.38879e+02   1.39000e+02
           268   2.68000e+02  -1.24445e+00   1.39212e+02   1.39333e+02
           269   2.69000e+02  -1.24599e+00   1.39545e+02   1.39667e+02
           270   2.70000e+02  -1.24752e+00   1.39878e+02   1.40000e+02
           271   2.71000e+02  -1.24904e+00   1.40211e+02   1.40333e+02
           272   2.72000e+02  -1.25045e+00   1.40544e+02   1.40667e+02
           273   2.73000e+02  -1.25185e+00   1.40877e+02   1.41000e+02
           274   2.74000e+02  -1.25326e+00   1.41210e+02   1.41333e+02
           275   2.75000e+02  -1.25468e+00   1.41543e+02   1.41667e+02
           276   2.76000e+02  -1.25601e+00   1.41876e+02   1.42000e+02
           277   2.77000e+02  -1.25739e+00   1.42209e+02   1.42333e+02
           278   2.78000e+02  -1.25879e+00   1.42542e+02   1.42667e+02
           279   2.79000e+02  -1.26020e+00   1.42875e+02   1.43000e+02
           280   2.80000e+02  -1.26164e+00   1.43208e+02   1.43333e+02
           281   2.81000e+02  -1.26305e+00   1.43542e+02   1.43667e+02
           282   2.82000e+02  -1.26446e+00   1.43875e+02   1.44000e+02
           283   2.83000e+02  -1.26587e+00   1.44208e+02   1.44333e+02
           284   2.84000e+02  -1.26726e+00   1.44541e+02   1.44667e+02
           285   2.85000e+02  -1.26867e+00   1.44874e+02   1.45000e+02
           286   2.86000e+02  -1.27009e+00   1.45207e+02   1.45333e+02
           287   2.87000e+02  -1.27149e+00   1.45540e+02   1.45667e+02
           288   2.88000e+02  -1.27292e+00   1.45873e+02   1.46000e+02
           289   2.89000e+02  -1.27439e+00   1.46206e+02   1.46333e+02
           290   2.90000e+02  -1.27591e+00   1.46539e+02   1.46667e+02
           291   2.91000e+02  -1.27746e+00   1.46872e+02   1.47000e+02
           292   2.92000e+02  -1.27909e+00   1.47205e+02   1.47333e+02
           293   2.93000e+02  -1.28065e+00   1.47538e+02   1.47667e+02
           294   2.94000e+02  -1.28219e+00   1.47871e+02   1.48000e+02
           295   2.95000e+02  -1.28372e+00   1.48204e+02   1.48333e+02
           296   2.96000e+02  -1.28520e+00   1.48537e+02   1.48667e+02
           297   2.97000e+02  -1.28665e+00   1.48870e+02   1.49000e+02
           298   2.98000e+02  -1.28809e+00   1.49203e+02   1.49333e+02
           299   2.99000e+02  -1.28951e+00   1.49536e+02   1.49667e+02
           300   3.00000e+02  -1.29081e+00   1.49870e+02   1.50000e+02
           301   3.01000e+02  -1.29217e+00   1.50203e+02   1.50333e+02
           302   3.02000e+02  -1.29355e+00   1.50536e+02   1.50667e+02
           303   3.03000e+02  -1.29492e+00   1.50869e+02   1.51000e+02
           304   3.04000e+02  -1.29629e+00   1.51202e+02   1.51333e+02
           305   3.05000e+02  -1.29763e+00   1.51535e+02   1.51667e+02
           306   3.06000e+02  -1.29898e+00   1.51868e+02   1.52000e+02
           307   3.07000e+02  -1.30033e+00   1.52201e+02   1.52333e+02
           308   3.08000e+02  -1.30168e+00   1.52534e+02   1.52667e+02
           309   3.09000e+02  -1.30302e+00   1.52867e+02   1.53000e+02
           310   3.10000e+02  -1.30435e+00   1.53200e+02   1.53333e+02
           311   3.11000e+02  -1.30566e+00   1.53533e+02   1.53667e+02
           312   3.12000e+02  -1.30696e+00   1.53866e+02   1.54000e+02
           313   3.13000e+02  -1.30827e+00   1.54199e+02   1.54333e+02
           314   3.14000e+02  -1.30959e+00   1.54532e+02   1.54667e+02
           315   3.15000e+02  -1.31089e+00   1.54866e+02   1.55000e+02
           316   3.16000e+02  -1.31215e+00   1.55199e+02   1.55333e+02
           317   3.17000e+02  -1.31341e+00   1.55532e+02   1.55667e+02
           318   3.18000e+02  -1.31468e+00   1.55865e+02   1.56000e+02
           319   3.19000e+02  -1.31596e+00   1.56198e+02   1.56333e+02
           320   3.20000e+02  -1.31723e+00   1.56531e+02   1.56667e+02
           321   3.21000e+02  -1.31852e+00   1.56864e+02   1.57000e+02
           322   3.22000e+02  -1.31980e+00   1.57197e+02   1.57333e+02
           323   3.23000e+02  -1.32108e+00   1.57530e+02   1.57667e+02
           324   3.24000e+02  -1.32240e+00   1.57863e+02   1.58000e+02
           325   3.25000e+02  -1.32366e+00   1.58196e+02   1.58333e+02
           326   3.26000e+02  -1.32491e+00   1.58529e+02   1.58667e+02
           327   3.27000e+02  -1.32616e+00   1.58862e+02   1.59000e+02
           328   3.28000e+02  -1.32737e+00   1.59195e+02   1.59333e+02
           329   3.29000e+02  -1.32859e+00   1.59528e+02   1.59667e+02
           330   3.30000e+02  -1.32980e+00   1.59862e+02   1.60000e+02
           331   3.31000e+02  -1.33101e+00   1.60195e+02   1.60333e+02
           332   3.32000e+02  -1.33219e+00   1.60528e+02   1.60667e+02
           333   3.33000e+02  -1.33338e+00   1.60861e+02   1.61000e+02
           334   3.34000e+02  -1.33458e+00   1.61194e+02   1.61333e+02
           335   3.35000e+02  -1.33579e+00   1.61527e+02   1.61667e+02
           336   3.36000e+02  -1.33697e+00   1.61860e+02   1.62000e+02
           337   3.37000e+02  -1.33819e+00   1.62193e+02   1.62333e+02
           338   3.38000e+02  -1.33943e+00   1.62526e+02   1.62667e+02
           339   3.39000e+02  -1.34068e+00   1.62859e+02   1.63000e+02
           340   3.40000e+02  -1.34198e+00   1.63192e+02   1.63333e+02
           341   3.41000e+02  -1.34327e+00   1.63525e+02   1.63667e+02
           342   3.42000e+02  -1.34454e+00   1.63858e+02   1.64000e+02
           343   3.43000e+02  -1.34580e+00   1.64191e+02   1.64333e+02
           344   3.44000e+02  -1.34709e+00   1.64525e+02   1.64667e+02
           345   3.45000e+02  -1.34836e+00   1.64858e+02   1.65000e+02
           346   3.46000e+02  -1.34964e+00   1.65191e+02   1.65333e+02
           347   3.47000e+02  -1.35090e+00   1.65524e+02   1.65667e+02
           348   3.48000e+02  -1.35215e+00   1.65857e+02   1.66000e+02
           349   3.49000e+02  -1.35341e+00   1.66190e+02   1.66333e+02
           350   3.50000e+02  -1.35467e+00   1.66523e+02   1.66667e+02
           351   3.51000e+02  -1.35591e+00   1.66856e+02   1.67000e+02
           352   3.52000e+02  -1.35715e+00   1.67189e+02   1.67333e+02
           353   3.53000e+02  -1.35840e+00   1.67522e+02   1.67667e+02
           354   3.54000e+02  -1.35965e+00   1.67855e+02   1.68000e+02
           355   3.55000e+02  -1.36088e+00   1.68188e+02   1.68333e+02
           356   3.56000e+02  -1.36211e+00   1.68521e+02   1.68667e+02
           357   3.57000e+02  -1.36332e+00   1.68854e+02   1.69000e+02
           358   3.58000e+02  -1.36449e+00   1.69187e+02   1.69333e+02
           359   3.59000e+02  -1.36564e+00   1.69521e+02   1.69667e+02
           360   3.60000e+02  -1.36676e+00   1.69854e+02   1.70000e+02
           361   3.61000e+02  -1.36792e+00   1.70187e+02   1.70333e+02
           362   3.62000e+02  -1.36908e+00   1.70520e+02   1.70667e+02
           363   3.63000e+02  -1.37024e+00   1.70853e+02   1.71000e+02
           364   3.64000e+02  -1.37139e+00   1.71186e+02   1.71333e+02
           365   3.65000e+02  -1.37253e+00   1.71519e+02   1.71667e+02
           366   3.66000e+02  -1.37365e+00   1.71852e+02   1.72000e+02
           367   3.67000e+02  -1.37478e+00   1.72185e+02   1.72333e+02
           368   3.68000e+02  -1.37587e+00   1.72518e+02   1.72667e+02
           369   3.69000e+02  -1.37697e+00   1.72851e+02   1.73000e+02
           370   3.70000e+02  -1.37808e+00   1.73184e+02   1.73333e+02
           371   3.71000e+02  -1.37919e+00   1.73517e+02   1.73667e+02
           372   3.72000e+02  -1.38032e+00   1.73851e+02   1.74000e+02
           373   3.73000e+02  -1.38144e+00   1.74184e+02   1.74333e+02
           374   3.74000e+02  -1.38256e+00   1.74517e+02   1.74667e+02
           375   3.75000e+02  -1.38368e+00   1.74850e+02   1.75000e+02
           376   3.76000e+02  -1.38483e+00   1.75183e+02   1.75333e+02
           377   3.77000e+02  -1.38596e+00   1.75516e+02   1.75667e+02
           378   3.78000e+02  -1.38708e+00   1.75849e+02   1.76000e+02
           379   3.79000e+02  -1.38822e+00   1.76182e+02   1.76333e+02
           380   3.80000e+02  -1.38936e+00   1.76515e+02   1.76667e+02
           381   3.81000e+02  -1.39051e+00   1.76848e+02   1.77000e+02
           382   3.82000e+02  -1.39169e+00   1.77181e+02   1.77333e+02
           383   3.83000e+02  -1.39288e+00   1.77514e+02   1.77667e+02
           384   3.84000e+02  -1.39414e+00   1.77847e+02   1.78000e+02
           385   3.85000e+02  -1.39536e+00   1.78180e+02   1.78333e+02
           386   3.86000e+02  -1.39658e+00   1.78514e+02   1.78667e+02
           387   3.87000e+02  -1.39781e+00   1.78847e+02   1.79000e+02
           388   3.88000e+02  -1.39904e+00   1.79180e+02   1.79333e+02
           389   3.89000e+02  -1.40026e+00   1.79513e+02   1.79667e+02
           390   3.90000e+02  -1.40147e+00   1.79846e+02   1.80000e+02
           391   3.91000e+02  -1.40268e+00   1.80179e+02   1.80333e+02
           392   3.92000e+02  -1.40384e+00   1.80512e+02   1.80667e+02
           393   3.93000e+02  -1.40500e+00   1.80845e+02   1.81000e+02
           394   3.94000e+02  -1.40615e+00   1.81178e+02   1.81333e+02
           395   3.95000e+02  -1.40728e+00   1.81511e+02   1.81667e+02
           396   3.96000e+02  -1.40833e+00   1.81844e+02   1.82000e+02
           397   3.97000e+02  -1.40941e+00   1.82177e+02   1.82333e+02
           398   3.98000e+02  -1.41050e+00   1.82510e+02   1.82667e+02
           399   3.99000e+02  -1.41161e+00   1.82843e+02   1.83000e+02
           400   4.00000e+02  -1.41266e+00   1.83177e+02   1.83333e+02
           401   4.01000e+02  -1.41370e+00   1.83510e+02   1.83667e+02
           402   4.02000e+02  -1.41473e+00   1.83843e+02   1.84000e+02
           403   4.03000e+02  -1.41576e+00   1.84176e+02   1.84333e+02
           404   4.04000e+02  -1.41674e+00   1.84509e+02   1.84667e+02
           405   4.05000e+02  -1.41771e+00   1.84842e+02   1.85000e+02
           406   4.06000e+02  -1.41866e+00   1.85175e+02   1.85333e+02
           407   4.07000e+02  -1.41960e+00   1.85508e+02   1.85667e+02
           408   4.08000e+02  -1.42044e+00   1.85841e+02   1.86000e+02
           409   4.09000e+02  -1.42128e+00   1.86174e+02   1.86333e+02
           410   4.10000e+02  -1.42212e+00   1.86507e+02   1.86667e+02
           411   4.11000e+02  -1.42293e+00   1.86841e+02   1.87000e+02
           412   4.12000e+02  -1.42363e+00   1.87174e+02   1.87333e+02
           413   4.13000e+02  -1.42435e+00   1.87507e+02   1.87667e+02
           414   4.14000e+02  -1.42504e+00   1.87840e+02   1.88000e+02
           415   4.15000e+02  -1.42569e+00   1.88173e+02   1.88333e+02
           416   4.16000e+02  -1.42620e+00   1.88506e+02   1.88667e+02
           417   4.17000e+02  -1.42670e+00   1.88839e+02   1.89000e+02
           418   4.18000e+02  -1.42715e+00   1.89172e+02   1.89333e+02
           419   4.19000e+02  -1.42759e+00   1.89506e+02   1.89667e+02
           420   4.20000e+02  -1.42786e+00   1.89839e+02   1.90000e+02
           421   4.21000e+02  -1.42821e+00   1.90172e+02   1.90333e+02
           422   4.22000e+02  -1.42858e+00   1.90505e+02   1.90667e+02
           423   4.23000e+02  -1.42893e+00   1.90838e+02   1.91000e+02
           424   4.24000e+02  -1.42926e+00   1.91171e+02   1.91333e+02
           425   4.25000e+02  -1.42961e+00   1.91505e+02   1.91667e+02
           426   4.26000e+02  -1.42996e+00   1.91838e+02   1.92000e+02
           427   4.27000e+02  -1.43030e+00   1.92171e+02   1.92333e+02
           428   4.28000e+02  -1.43063e+00   1.92504e+02   1.92667e+02
           429   4.29000e+02  -1.43097e+00   1.92837e+02   1.93000e+02
           430   4.30000e+02  -1.43133e+00   1.93170e+02   1.93333e+02
           431   4.31000e+02  -1.43172e+00   1.93504e+02   1.93667e+02
           432   4.32000e+02  -1.43212e+00   1.93837e+02   1.94000e+02
           433   4.33000e+02  -1.43254e+00   1.94170e+02   1.94333e+02
           434   4.34000e+02  -1.43298e+00   1.94503e+02   1.94667e+02
           435   4.35000e+02  -1.43344e+00   1.94836e+02   1.95000e+02
           436   4.36000e+02  -1.43402e+00   1.95169e+02   1.95333e+02
           437   4.37000e+02  -1.43459e+00   1.95502e+02   1.95667e+02
           438   4.38000e+02  -1.43522e+00   1.95835e+02   1.96000e+02
           439   4.39000e+02  -1.43589e+00   1.96169e+02   1.96333e+02
           440   4.40000e+02  -1.43673e+00   1.96502e+02   1.96667e+02
           441   4.41000e+02  -1.43756e+00   1.96835e+02   1.97000e+02
           442   4.42000e+02  -1.43844e+00   1.97168e+02   1.97333e+02
           443   4.43000e+02  -1.43935e+00   1.97501e+02   1.97667e+02
           444   4.44000e+02  -1.44045e+00   1.97834e+02   1.98000e+02
           445   4.45000e+02  -1.44151e+00   1.98167e+02   1.98333e+02
           446   4.46000e+02  -1.44261e+00   1.98500e+02   1.98667e+02
           447   4.47000e+02  -1.44378e+00   1.98833e+02   1.99000e+02
           448   4.48000e+02  -1.44518e+00   1.99166e+02   1.99333e+02
           449   4.49000e+02  -1.44655e+00   1.99499e+02   1.99667e+02
           450   4.50000e+02  -1.44798e+00   1.99832e+02   2.00000e+02
           451   4.51000e+02  -1.44948e+00   2.00165e+02   2.00333e+02
           452   4.52000e+02  -1.45129e+00   2.00498e+02   2.00667e+02
           453   4.53000e+02  -1.45304e+00   2.00831e+02   2.01000e+02
           454   4.54000e+02  -1.45486e+00   2.01164e+02   2.01333e+02
           455   4.55000e+02  -1.45673e+00   2.01497e+02   2.01667e+02
           456   4.56000e+02  -1.45888e+00   2.01830e+02   2.02000e+02
           457   4.57000e+02  -1.46097e+00   2.02163e+02   2.02333e+02
           458   4.58000e+02  -1.46312e+00   2.02496e+02   2.02667e+02
           459   4.59000e+02  -1.46550e+00   2.02829e+02   2.03000e+02
           460   4.60000e+02  -1.46808e+00   2.03162e+02   2.03333e+02
           461   4.61000e+02  -1.47063e+00   2.03495e+02   2.03667e+02
           462   4.62000e+02  -1.47325e+00   2.03828e+02   2.04000e+02
           463   4.63000e+02  -1.47595e+00   2.04161e+02   2.04333e+02
           464   4.64000e+02  -1.47896e+00   2.04494e+02   2.04667e+02
           465   4.65000e+02  -1.48187e+00   2.04826e+02   2.05000e+02
           466   4.66000e+02  -1.48496e+00   2.05159e+02   2.05333e+02
           467   4.67000e+02  -1.48814e+00   2.05492e+02   2.05667e+02
           468   4.68000e+02  -1.49185e+00   2.05825e+02   2.06000e+02
           469   4.69000e+02  -1.49539e+00   2.06158e+02   2.06333e+02
           470   4.70000e+02  -1.49894e+00   2.06490e+02   2.06667e+02
           471   4.71000e+02  -1.50267e+00   2.06823e+02   2.07000e+02
           472   4.72000e+02  -1.50659e+00   2.07156e+02   2.07333e+02
           473   4.73000e+02  -1.51070e+00   2.07489e+02   2.07667e+02
           474   4.74000e+02  -1.51538e+00   2.07821e+02   2.08000e+02
           475   4.75000e+02  -1.52027e+00   2.08154e+02   2.08333e+02
           476   4.76000e+02  -1.52535e+00   2.08486e+02   2.08667e+02
           477   4.77000e+02  -1.53044e+00   2.08819e+02   2.09000e+02
           478   4.78000e+02  -1.53554e+00   2.09152e+02   2.09333e+02
           479   4.79000e+02  -1.54074e+00   2.09484e+02   2.09667e+02
           480   4.80000e+02  -1.54689e+00   2.09817e+02   2.10000e+02
           481   4.81000e+02  -1.55343e+00   2.10149e+02   2.10333e+02
           482   4.82000e+02  -1.56019e+00   2.10481e+02   2.10667e+02
           483   4.83000e+02  -1.56724e+00   2.10814e+02   2.11000e+02
           484   4.84000e+02  -1.57462e+00   2.11146e+02   2.11333e+02
           485   4.85000e+02  -1.58175e+00   2.11478e+02   2.11667e+02
           486   4.86000e+02  -1.58890e+00   2.11811e+02   2.12000e+02
           487   4.87000e+02  -1.59623e+00   2.12143e+02   2.12333e+02
           488   4.88000e+02  -1.60314e+00   2.12476e+02   2.12667e+02
           489   4.89000e+02  -1.60987e+00   2.12808e+02   2.13000e+02
           490   4.90000e+02  -1.61625e+00   2.13140e+02   2.13333e+02
           491   4.91000e+02  -1.62235e+00   2.13473e+02   2.13667e+02
           492   4.92000e+02  -1.62775e+00   2.13805e+02   2.14000e+02
           493   4.93000e+02  -1.63342e+00   2.14138e+02   2.14333e+02
           494   4.94000e+02  -1.63921e+00   2.14470e+02   2.14667e+02
           495   4.95000e+02  -1.64493e+00   2.14803e+02   2.15000e+02
           496   4.96000e+02  -1.65088e+00   2.15135e+02   2.15333e+02
           497   4.97000e+02  -1.65684e+00   2.15468e+02   2.15667e+02
           498   4.98000e+02  -1.66312e+00   2.15800e+02   2.16000e+02
           499   4.99000e+02  -1.66971e+00   2.16133e+02   2.16333e+02
           500   5.00000e+02  -1.67638e+00   2.16465e+02   2.16667e+02
           501   5.01000e+02  -1.68322e+00   2.16797e+02   2.17000e+02
           502   5.02000e+02  -1.69064e+00   2.17130e+02   2.17333e+02
           503   5.03000e+02  -1.69845e+00   2.17462e+02   2.17667e+02
           504   5.04000e+02  -1.70732e+00   2.17794e+02   2.18000e+02
           505   5.05000e+02  -1.71649e+00   2.18126e+02   2.18333e+02
           506   5.06000e+02  -1.72570e+00   2.18458e+02   2.18667e+02
           507   5.07000e+02  -1.73504e+00   2.18790e+02   2.19000e+02
           508   5.08000e+02  -1.74350e+00   2.19122e+02   2.19333e+02
           509   5.09000e+02  -1.75100e+00   2.19455e+02   2.19667e+02
           510   5.10000e+02  -1.75600e+00   2.19787e+02   2.20000e+02
           511   5.11000e+02  -1.75894e+00   2.20120e+02   2.20333e+02
           512   5.12000e+02  -1.75646e+00   2.20453e+02   2.20667e+02
           513   5.13000e+02  -1.75065e+00   2.20787e+02   2.21000e+02
           514   5.14000e+02  -1.74089e+00   2.21122e+02   2.21333e+02
           515   5.15000e+02  -1.72836e+00   2.21456e+02   2.21667e+02
           516   5.16000e+02  -1.70974e+00   2.21792e+02   2.22000e+02
           517   5.17000e+02  -1.68946e+00   2.22127e+02   2.22333e+02
           518   5.18000e+02  -1.66878e+00   2.22463e+02   2.22667e+02
           519   5.19000e+02  -1.64804e+00   2.22799e+02   2.23000e+02
           520   5.20000e+02  -1.63032e+00   2.23134e+02   2.23333e+02
           521   5.21000e+02  -1.61518e+00   2.23469e+02   2.23667e+02
           522   5.22000e+02  -1.60315e+00   2.23804e+02   2.24000e+02
           523   5.23000e+02  -1.59305e+00   2.24138e+02   2.24333e+02
           524   5.24000e+02  -1.58738e+00   2.24472e+02   2.24667e+02
           525   5.25000e+02  -1.58372e+00   2.24806e+02   2.25000e+02
           526   5.26000e+02  -1.58195e+00   2.25139e+02   2.25333e+02
           527   5.27000e+02  -1.58097e+00   2.25473e+02   2.25667e+02
           528   5.28000e+02  -1.58185e+00   2.25806e+02   2.26000e+02
           529   5.29000e+02  -1.58336e+00   2.26139e+02   2.26333e+02
           530   5.30000e+02  -1.58573e+00   2.26472e+02   2.26667e+02
           531   5.31000e+02  -1.58870e+00   2.26804e+02   2.27000e+02
           532   5.32000e+02  -1.59224e+00   2.27137e+02   2.27333e+02
           533   5.33000e+02  -1.59591e+00   2.27470e+02   2.27667e+02
           534   5.34000e+02  -1.59987e+00   2.27803e+02   2.28000e+02
           535   5.35000e+02  -1.60386e+00   2.28135e+02   2.28333e+02
           536   5.36000e+02  -1.60828e+00   2.28468e+02   2.28667e+02
           537   5.37000e+02  -1.61253e+00   2.28801e+02   2.29000e+02
           538   5.38000e+02  -1.61677e+00   2.29133e+02   2.29333e+02
           539   5.39000e+02  -1.62102e+00   2.29466e+02   2.29667e+02
           540   5.40000e+02  -1.62533e+00   2.29799e+02   2.30000e+02
           541   5.41000e+02  -1.62961e+00   2.30131e+02   2.30333e+02
           542   5.42000e+02  -1.63387e+00   2.30464e+02   2.30667e+02
           543   5.43000e+02  -1.63809e+00   2.30797e+02   2.31000e+02
           544   5.44000e+02  -1.64219e+00   2.31129e+02   2.31333e+02
           545   5.45000e+02  -1.64627e+00   2.31462e+02   2.31667e+02
           546   5.46000e+02  -1.65030e+00   2.31795e+02   2.32000e+02
           547   5.47000e+02  -1.65431e+00   2.32127e+02   2.32333e+02
           548   5.48000e+02  -1.65808e+00   2.32460e+02   2.32667e+02
           549   5.49000e+02  -1.66188e+00   2.32793e+02   2.33000e+02
           550   5.50000e+02  -1.66567e+00   2.33125e+02   2.33333e+02
           551   5.51000e+02  -1.66943e+00   2.33458e+02   2.33667e+02
           552   5.52000e+02  -1.67305e+00   2.33791e+02   2.34000e+02
           553   5.53000e+02  -1.67673e+00   2.34124e+02   2.34333e+02
           554   5.54000e+02  -1.68040e+00   2.34456e+02   2.34667e+02
           555   5.55000e+02  -1.68407e+00   2.34789e+02   2.35000e+02
           556   5.56000e+02  -1.68774e+00   2.35122e+02   2.35333e+02
           557   5.57000e+02  -1.69144e+00   2.35455e+02   2.35667e+02
           558   5.58000e+02  -1.69516e+00   2.35787e+02   2.36000e+02
           559   5.59000e+02  -1.69891e+00   2.36120e+02   2.36333e+02
           560   5.60000e+02  -1.70281e+00   2.36453e+02   2.36667e+02
           561   5.61000e+02  -1.70673e+00   2.36785e+02   2.37000e+02
           562   5.62000e+02  -1.71067e+00   2.37118e+02   2.37333e+02
           563   5.63000e+02  -1.71475e+00   2.37451e+02   2.37667e+02
           564   5.64000e+02  -1.71923e+00   2.37783e+02   2.38000e+02
           565   5.65000e+02  -1.72365e+00   2.38116e+02   2.38333e+02
           566   5.66000e+02  -1.72839e+00   2.38449e+02   2.38667e+02
           567   5.67000e+02  -1.73339e+00   2.38781e+02   2.39000e+02
           568   5.68000e+02  -1.73871e+00   2.39114e+02   2.39333e+02
           569   5.69000e+02  -1.74389e+00   2.39446e+02   2.39667e+02
           570   5.70000e+02  -1.74906e+00   2.39779e+02   2.40000e+02
           571   5.71000e+02  -1.75429e+00   2.40111e+02   2.40333e+02
           572   5.72000e+02  -1.75993e+00   2.40444e+02   2.40667e+02
           573   5.73000e+02  -1.76608e+00   2.40776e+02   2.41000e+02
           574   5.74000e+02  -1.77299e+00   2.41108e+02   2.41333e+02
           575   5.75000e+02  -1.78041e+00   2.41441e+02   2.41667e+02
           576   5.76000e+02  -1.78919e+00   2.41773e+02   2.42000e+02
           577   5.77000e+02  -1.79861e+00   2.42105e+02   2.42333e+02
           578   5.78000e+02  -1.80889e+00   2.42437e+02   2.42667e+02
           579   5.79000e+02  -1.81964e+00   2.42768e+02   2.43000e+02
           580   5.80000e+02  -1.83499e+00   2.43100e+02   2.43333e+02
           581   5.81000e+02  -1.85565e+00   2.43430e+02   2.43667e+02
           582   5.82000e+02  -1.88328e+00   2.43760e+02   2.44000e+02
           583   5.83000e+02  -1.91496e+00   2.44089e+02   2.44333e+02
           584   5.84000e+02  -1.95206e+00   2.44417e+02   2.44667e+02
           585   5.85000e+02  -1.99099e+00   2.44746e+02   2.45000e+02
           586   5.86000e+02  -2.03142e+00   2.45074e+02   2.45333e+02
           587   5.87000e+02  -2.07216e+00   2.45401e+02   2.45667e+02
           588   5.88000e+02  -2.10838e+00   2.45730e+02   2.46000e+02
           589   5.89000e+02  -2.14250e+00   2.46059e+02   2.46333e+02
           590   5.90000e+02  -2.17615e+00   2.46388e+02   2.46667e+02
           591   5.91000e+02  -2.20974e+00   2.46716e+02   2.47000e+02
           592   5.92000e+02  -2.24805e+00   2.47045e+02   2.47333e+02
           593   5.93000e+02  -2.29033e+00   2.47372e+02   2.47667e+02
           594   5.94000e+02  -2.33748e+00   2.47699e+02   2.48000e+02
           595   5.95000e+02  -2.38742e+00   2.48026e+02   2.48333e+02
           596   5.96000e+02  -2.44119e+00   2.48352e+02   2.48667e+02
           597   5.97000e+02  -2.49513e+00   2.48679e+02   2.49000e+02
           598   5.98000e+02  -2.54866e+00   2.49005e+02   2.49333e+02
           599   5.99000e+02  -2.60109e+00   2.49331e+02   2.49667e+02
           600   6.00000e+02  -2.64886e+00   2.49658e+02   2.50000e+02
           601   6.01000e+02  -2.69494e+00   2.49985e+02   2.50333e+02
           602   6.02000e+02  -2.74001e+00   2.50313e+02   2.50667e+02
           603   6.03000e+02  -2.78449e+00   2.50640e+02   2.51000e+02
           604   6.04000e+02  -2.82581e+00   2.50968e+02   2.51333e+02
           605   6.05000e+02  -2.86663e+00   2.51295e+02   2.51667e+02
           606   6.06000e+02  -2.90452e+00   2.51624e+02   2.52000e+02
           607   6.07000e+02  -2.93848e+00   2.51952e+02   2.52333e+02
           608   6.08000e+02  -2.96471e+00   2.52282e+02   2.52667e+02
           609   6.09000e+02  -2.99017e+00   2.52612e+02   2.53000e+02
           610   6.10000e+02  -3.01416e+00   2.52942e+02   2.53333e+02
           611   6.11000e+02  -3.03643e+00   2.53272e+02   2.53667e+02
           612   6.12000e+02  -3.05464e+00   2.53603e+02   2.54000e+02
           613   6.13000e+02  -3.07141e+00   2.53934e+02   2.54333e+02
           614   6.14000e+02  -3.08740e+00   2.54265e+02   2.54667e+02
           615   6.15000e+02  -3.10297e+00   2.54596e+02   2.55000e+02
           616   6.16000e+02  -3.11546e+00   2.54927e+02   2.55333e+02
           617   6.17000e+02  -3.12606e+00   2.55259e+02   2.55667e+02
           618   6.18000e+02  -3.13549e+00   2.55591e+02   2.56000e+02
           619   6.19000e+02  -3.14478e+00   2.55922e+02   2.56333e+02
           620   6.20000e+02  -3.15020e+00   2.56255e+02   2.56667e+02
           621   6.21000e+02  -3.14896e+00   2.56588e+02   2.57000e+02
           622   6.22000e+02  -3.13588e+00   2.56923e+02   2.57333e+02
           623   6.23000e+02  -3.11228e+00   2.57259e+02   2.57667e+02
           624   6.24000e+02  -3.05797e+00   2.57599e+02   2.58000e+02
           625   6.25000e+02  -2.98874e+00   2.57941e+02   2.58333e+02
           626   6.26000e+02  -2.90443e+00   2.58285e+02   2.58667e+02
           627   6.27000e+02  -2.81137e+00   2.58631e+02   2.59000e+02
           628   6.28000e+02  -2.70768e+00   2.58978e+02   2.59333e+02
           629   6.29000e+02  -2.60090e+00   2.59325e+02   2.59667e+02
           630   6.30000e+02  -2.49350e+00   2.59672e+02   2.60000e+02
           631   6.31000e+02  -2.38843e+00   2.60019e+02   2.60333e+02
           632   6.32000e+02  -2.29813e+00   2.60364e+02   2.60667e+02
           633   6.33000e+02  -2.21765e+00   2.60708e+02   2.61000e+02
           634   6.34000e+02  -2.14841e+00   2.61050e+02   2.61333e+02
           635   6.35000e+02  -2.08654e+00   2.61391e+02   2.61667e+02
           636   6.36000e+02  -2.04118e+00   2.61730e+02   2.62000e+02
           637   6.37000e+02  -2.00215e+00   2.62069e+02   2.62333e+02
           638   6.38000e+02  -1.96902e+00   2.62406e+02   2.62667e+02
           639   6.39000e+02  -1.93958e+00   2.62743e+02   2.63000e+02
           640   6.40000e+02  -1.91603e+00   2.63080e+02   2.63333e+02
           641   6.41000e+02  -1.89493e+00   2.63416e+02   2.63667e+02
           642   6.42000e+02  -1.87596e+00   2.63751e+02   2.64000e+02
           643   6.43000e+02  -1.85770e+00   2.64087e+02   2.64333e+02
           644   6.44000e+02  -1.84077e+00   2.64422e+02   2.64667e+02
           645   6.45000e+02  -1.82440e+00   2.64758e+02   2.65000e+02
           646   6.46000e+02  -1.80877e+00   2.65093e+02   2.65333e+02
           647   6.47000e+02  -1.79366e+00   2.65428e+02   2.65667e+02
           648   6.48000e+02  -1.77958e+00   2.65763e+02   2.66000e+02
           649   6.49000e+02  -1.76590e+00   2.66098e+02   2.66333e+02
           650   6.50000e+02  -1.75285e+00   2.66433e+02   2.66667e+02
           651   6.51000e+02  -1.74025e+00   2.66768e+02   2.67000e+02
           652   6.52000e+02  -1.72917e+00   2.67103e+02   2.67333e+02
           653   6.53000e+02  -1.71886e+00   2.67437e+02   2.67667e+02
           654   6.54000e+02  -1.70947e+00   2.67772e+02   2.68000e+02
           655   6.55000e+02  -1.70062e+00   2.68106e+02   2.68333e+02
           656   6.56000e+02  -1.69295e+00   2.68440e+02   2.68667e+02
           657   6.57000e+02  -1.68594e+00   2.68774e+02   2.69000e+02
           658   6.58000e+02  -1.67982e+00   2.69108e+02   2.69333e+02
           659   6.59000e+02  -1.67423e+00   2.69442e+02   2.69667e+02
           660   6.60000e+02  -1.66968e+00   2.69776e+02   2.70000e+02
           661   6.61000e+02  -1.66559e+00   2.70110e+02   2.70333e+02
           662   6.62000e+02  -1.66210e+00   2.70444e+02   2.70667e+02
           663   6.63000e+02  -1.65879e+00   2.70777e+02   2.71000e+02
           664   6.64000e+02  -1.65620e+00   2.71111e+02   2.71333e+02
           665   6.65000e+02  -1.65370e+00   2.71444e+02   2.71667e+02
           666   6.66000e+02  -1.65152e+00   2.71778e+02   2.72000e+02
           667   6.67000e+02  -1.64960e+00   2.72111e+02   2.72333e+02
           668   6.68000e+02  -1.64795e+00   2.72445e+02   2.72667e+02
           669   6.69000e+02  -1.64634e+00   2.72778e+02   2.73000e+02
           670   6.70000e+02  -1.64486e+00   2.73112e+02   2.73333e+02
           671   6.71000e+02  -1.64338e+00   2.73445e+02   2.73667e+02
           672   6.72000e+02  -1.64217e+00   2.73778e+02   2.74000e+02
           673   6.73000e+02  -1.64091e+00   2.74112e+02   2.74333e+02
           674   6.74000e+02  -1.63972e+00   2.74445e+02   2.74667e+02
           675   6.75000e+02  -1.63859e+00   2.74778e+02   2.75000e+02
           676   6.76000e+02  -1.63766e+00   2.75112e+02   2.75333e+02
           677   6.77000e+02  -1.63668e+00   2.75445e+02   2.75667e+02
           678   6.78000e+02  -1.63574e+00   2.75778e+02   2.76000e+02
           679   6.79000e+02  -1.63482e+00   2.76112e+02   2.76333e+02
           680   6.80000e+02  -1.63405e+00   2.76445e+02   2.76667e+02
           681   6.81000e+02  -1.63321e+00   2.76778e+02   2.77000e+02
           682   6.82000e+02  -1.63240e+00   2.77112e+02   2.77333e+02
           683   6.83000e+02  -1.63166e+00   2.77445e+02   2.77667e+02
           684   6.84000e+02  -1.63169e+00   2.77778e+02   2.78000e+02
           685   6.85000e+02  -1.62564e+00   2.78112e+02   2.78333e+02
           686   6.86000e+02  -1.56263e+00   2.78454e+02   2.78667e+02
           687   6.87000e+02  -1.41549e+00   2.78807e+02   2.79000e+02
           688   6.88000e+02  -1.12094e+00   2.79181e+02   2.79333e+02
           689   6.89000e+02  -8.86464e-01   2.79546e+02   2.79667e+02
           690   6.90000e+02  -7.43837e-01   2.79899e+02   2.80000e+02
           691   6.91000e+02  -6.53515e-01   2.79911e+02   2.80000e+02
           692   6.92000e+02  -5.91738e-01   2.79919e+02   2.80000e+02
           693   6.93000e+02  -5.22969e-01   2.79929e+02   2.80000e+02
           694   6.94000e+02  -4.56217e-01   2.79938e+02   2.80000e+02
           695   6.95000e+02  -3.96446e-01   2.79946e+02   2.80000e+02
           696   6.96000e+02  -3.58867e-01   2.79951e+02   2.80000e+02
           697   6.97000e+02  -3.28065e-01   2.79955e+02   2.80000e+02
           698   6.98000e+02  -3.02521e-01   2.79959e+02   2.80000e+02
           699   6.99000e+02  -2.79937e-01   2.79962e+02   2.80000e+02
           700   7.00000e+02  -2.63756e-01   2.79964e+02   2.80000e+02
           701   7.01000e+02  -2.50643e-01   2.79966e+02   2.80000e+02
           702   7.02000e+02  -2.40621e-01   2.79967e+02   2.80000e+02
           703   7.03000e+02  -2.32489e-01   2.79968e+02   2.80000e+02
           704   7.04000e+02  -2.26300e-01   2.79969e+02   2.80000e+02
           705   7.05000e+02  -2.21453e-01   2.79970e+02   2.80000e+02
           706   7.06000e+02  -2.17516e-01   2.79970e+02   2.80000e+02
           707   7.07000e+02  -2.14179e-01   2.79971e+02   2.80000e+02
           708   7.08000e+02  -2.11963e-01   2.79971e+02   2.80000e+02
           709   7.09000e+02  -2.10084e-01   2.79971e+02   2.80000e+02
           710   7.10000e+02  -2.08428e-01   2.79972e+02   2.80000e+02
           711   7.11000e+02  -2.06960e-01   2.79972e+02   2.80000e+02
           712   7.12000e+02  -2.06176e-01   2.79972e+02   2.80000e+02
           713   7.13000e+02  -2.05259e-01   2.79972e+02   2.80000e+02
           714   7.14000e+02  -2.04393e-01   2.79972e+02   2.80000e+02
           715   7.15000e+02  -2.03490e-01   2.79972e+02   2.80000e+02
           716   7.16000e+02  -2.02761e-01   2.79972e+02   2.80000e+02
           717   7.17000e+02  -2.02016e-01   2.79972e+02   2.80000e+02
           718   7.18000e+02  -2.01303e-01   2.79973e+02   2.80000e+02
           719   7.19000e+02  -2.00610e-01   2.79973e+02   2.80000e+02
           720   7.20000e+02  -2.00042e-01   2.79973e+02   2.80000e+02
           721   7.21000e+02  -1.99451e-01   2.79973e+02   2.80000e+02
           722   7.22000e+02  -1.98858e-01   2.79973e+02   2.80000e+02
           723   7.23000e+02  -1.98271e-01   2.79973e+02   2.80000e+02
           724   7.24000e+02  -1.97785e-01   2.79973e+02   2.80000e+02
           725   7.25000e+02  -1.97254e-01   2.79973e+02   2.80000e+02
           726   7.26000e+02  -1.96722e-01   2.79973e+02   2.80000e+02
           727   7.27000e+02  -1.96195e-01   2.79973e+02   2.80000e+02
           728   7.28000e+02  -1.95665e-01   2.79973e+02   2.80000e+02
           729   7.29000e+02  -1.95143e-01   2.79973e+02   2.80000e+02
           730   7.30000e+02  -1.94644e-01   2.79973e+02   2.80000e+02
           731   7.31000e+02  -1.94165e-01   2.79974e+02   2.80000e+02
           732   7.32000e+02  -1.93705e-01   2.79974e+02   2.80000e+02
           733   7.33000e+02  -1.93254e-01   2.79974e+02   2.80000e+02
           734   7.34000e+02  -1.92808e-01   2.79974e+02   2.80000e+02
           735   7.35000e+02  -1.92373e-01   2.79974e+02   2.80000e+02
           736   7.36000e+02  -1.91975e-01   2.79974e+02   2.80000e+02
           737   7.37000e+02  -1.91556e-01   2.79974e+02   2.80000e+02
           738   7.38000e+02  -1.91130e-01   2.79974e+02   2.80000e+02
           739   7.39000e+02  -1.90700e-01   2.79974e+02   2.80000e+02
           740   7.40000e+02  -1.90278e-01   2.79974e+02   2.80000e+02
           741   7.41000e+02  -1.89869e-01   2.79974e+02   2.80000e+02
           742   7.42000e+02  -1.89471e-01   2.79974e+02   2.80000e+02
           743   7.43000e+02  -1.89072e-01   2.79974e+02   2.80000e+02
           744   7.44000e+02  -1.88694e-01   2.79974e+02   2.80000e+02
           745   7.45000e+02  -1.88299e-01   2.79974e+02   2.80000e+02
           746   7.46000e+02  -1.87904e-01   2.79974e+02   2.80000e+02
           747   7.47000e+02  -1.87516e-01   2.79974e+02   2.80000e+02
           748   7.48000e+02  -1.87161e-01   2.79974e+02   2.80000e+02
           749   7.49000e+02  -1.86791e-01   2.79975e+02   2.80000e+02
           750   7.50000e+02  -1.86433e-01   1.99976e+02   2.00000e+02
           751   7.51000e+02  -1.86097e-01   1.99978e+02   2.00000e+02
           752   7.52000e+02  -1.59577e-01   1.99982e+02   2.00000e+02
           753   7.53000e+02  -1.33008e-02   1.99998e+02   2.00000e+02
           754   7.54000e+02   3.22099e-01   2.00037e+02   2.00000e+02
           755   7.55000e+02   7.68197e-01   2.00089e+02   2.00000e+02
           756   7.56000e+02   1.30674e+00   2.00151e+02   2.00000e+02
           757   7.57000e+02   1.82940e+00   2.00212e+02   2.00000e+02
           758   7.58000e+02   2.32161e+00   2.00269e+02   2.00000e+02
           759   7.59000e+02   2.78938e+00   2.00323e+02   2.00000e+02
           760   7.60000e+02   3.18877e+00   2.00369e+02   2.00000e+02
           761   7.61000e+02   3.54923e+00   2.00411e+02   2.00000e+02
           762   7.62000e+02   3.86423e+00   2.00447e+02   2.00000e+02
           763   7.63000e+02   4.14836e+00   2.00480e+02   2.00000e+02
           764   7.64000e+02   4.36343e+00   2.00505e+02   2.00000e+02
           765   7.65000e+02   4.54709e+00   2.00526e+02   2.00000e+02
           766   7.66000e+02   4.69646e+00   2.00544e+02   2.00000e+02
           767   7.67000e+02   4.82386e+00   2.00558e+02   2.00000e+02
           768   7.68000e+02   4.90555e+00   2.00568e+02   2.00000e+02
           769   7.69000e+02   4.96757e+00   2.00575e+02   2.00000e+02
           770   7.70000e+02   5.01037e+00   2.00580e+02   2.00000e+02
           771   7.71000e+02   5.04177e+00   2.00584e+02   2.00000e+02
           772   7.72000e+02   5.05075e+00   2.00585e+02   2.00000e+02
           773   7.73000e+02   5.05109e+00   2.00585e+02   2.00000e+02
           774   7.74000e+02   5.04261e+00   2.00584e+02   2.00000e+02
           775   7.75000e+02   5.02881e+00   2.00582e+02   2.00000e+02
           776   7.76000e+02   5.00516e+00   2.00579e+02   2.00000e+02
           777   7.77000e+02   4.97765e+00   2.00576e+02   2.00000e+02
           778   7.78000e+02   4.94633e+00   2.00572e+02   2.00000e+02
           779   7.79000e+02   4.91284e+00   2.00569e+02   2.00000e+02
           780   7.80000e+02   4.87532e+00   2.00564e+02   2.00000e+02
           781   7.81000e+02   4.83725e+00   2.00560e+02   2.00000e+02
           782   7.82000e+02   4.79842e+00   2.00555e+02   2.00000e+02
           783   7.83000e+02   4.75910e+00   2.00551e+02   2.00000e+02
           784   7.84000e+02   4.71843e+00   2.00546e+02   2.00000e+02
           785   7.85000e+02   4.67757e+00   2.00541e+02   2.00000e+02
           786   7.86000e+02   4.63678e+00   2.00537e+02   2.00000e+02
           787   7.87000e+02   4.59622e+00   2.00532e+02   2.00000e+02
           788   7.88000e+02   4.55661e+00   2.00527e+02   2.00000e+02
           789   7.89000e+02   4.51704e+00   2.00523e+02   2.00000e+02
           790   7.90000e+02   4.47753e+00   2.00518e+02   2.00000e+02
           791   7.91000e+02   4.43816e+00   2.00514e+02   2.00000e+02
           792   7.92000e+02   4.39902e+00   2.00509e+02   2.00000e+02
           793   7.93000e+02   4.36003e+00   2.00505e+02   2.00000e+02
           794   7.94000e+02   4.32162e+00   2.00500e+02   2.00000e+02
           795   7.95000e+02   4.28360e+00   2.00496e+02   2.00000e+02
           796   7.96000e+02   4.24656e+00   2.00492e+02   2.00000e+02
           797   7.97000e+02   4.20984e+00   2.00487e+02   2.00000e+02
           798   7.98000e+02   4.17322e+00   2.00483e+02   2.00000e+02
           799   7.99000e+02   4.13671e+00   2.00479e+02   2.00000e+02
           800   8.00000e+02   4.10106e+00   2.00475e+02   2.00000e+02
           801   8.01000e+02   4.06618e+00   2.00471e+02   2.00000e+02
           802   8.02000e+02   4.03208e+00   2.00467e+02   2.00000e+02
           803   8.03000e+02   3.99816e+00   2.00463e+02   2.00000e+02
           804   8.04000e+02   3.96480e+00   2.00459e+02   2.00000e+02
           805   8.05000e+02   3.93154e+00   2.00455e+02   2.00000e+02
           806   8.06000e+02   3.89896e+00   2.00451e+02   2.00000e+02
           807   8.07000e+02   3.86695e+00   2.00448e+02   2.00000e+02
           808   8.08000e+02   3.83516e+00   2.00444e+02   2.00000e+02
           809   8.09000e+02   3.80359e+00   2.00440e+02   2.00000e+02
           810   8.10000e+02   3.77221e+00   2.00437e+02   2.00000e+02
!&BLUE FABRIC
